B/P-1/test_case/TRfs_min_kerala_2.asc
ncols         735
nrows         742
xllcorner     697287.30791772006
yllcorner     1083832.4022503800
cellsize      30
NODATA_value  -9999.
[rows 68 to 101 of 742, columns 152 to 227 of 735]
2.915 5.458 10.00 11.00 6.287 3.886 4.570 2.979 1.834 1.712 1.798 2.070 2.516 6.893 2.474 1.237 1.145 1.336 1.846 2.192 2.097 1.296 1.049 1.104 1.985 11.00 2.604 1.958 2.548 4.711 4.262 3.080 6.396 4.745 2.975 3.068 3.951 3.414 1.773 1.579 1.920 2.459 2.899 3.495 5.241 5.157 3.196 3.092 5.471 9.485 4.502 1.955 1.495 1.613 2.596 3.119 1.199 1.165 2.043 8.249 5.584 3.125 2.483 2.562 3.839 7.138 8.806 5.104 4.302 2.690 2.621 4.039 8.100 11.00 6.024 3.504
5.489 11.00 11.00 10.00 9.001 4.084 6.340 5.089 2.304 1.939 1.749 1.722 1.789 2.703 5.017 1.663 1.156 1.179 1.452 1.574 1.598 1.341 1.213 1.228 2.195 10.00 3.063 2.284 2.649 5.097 6.088 3.288 3.498 10.00 3.284 2.121 2.174 2.981 1.813 1.255 1.477 1.900 2.326 2.971 5.329 7.301 3.932 3.242 5.130 9.083 5.401 2.197 1.525 1.594 2.631 5.476 1.727 1.290 1.632 3.050 4.992 3.461 3.254 4.080 5.570 4.262 4.410 5.168 4.305 2.454 2.244 2.571 2.956 3.269 3.125 3.325
9.678 9.071 6.812 7.254 4.556 4.642 9.899 3.057 2.225 1.850 1.676 1.532 1.634 3.630 3.809 1.609 1.245 1.311 1.568 1.678 1.662 1.729 1.794 2.649 4.448 2.663 2.429 2.783 4.347 5.704 4.358 3.638 7.409 3.777 1.855 1.664 2.499 2.162 1.202 1.180 1.552 1.835 2.235 3.481 5.168 4.131 3.457 4.568 7.709 6.487 2.724 1.664 1.512 2.111 7.123 2.524 1.616 1.581 2.004 2.712 3.309 3.967 5.085 4.577 3.432 3.244 4.133 11.00 3.856 2.327 2.195 2.235 2.121 1.829 1.792 3.502
5.386 4.202 4.142 4.059 6.115 4.231 2.713 2.290 1.998 1.666 1.473 1.809 5.619 3.705 1.759 1.352 1.522 1.862 2.276 2.753 3.208 3.575 3.457 2.518 2.578 2.787 3.299 4.502 6.762 5.216 8.371 4.680 1.942 1.484 1.985 3.767 1.335 1.099 1.255 1.577 1.829 2.395 3.215 3.503 3.452 4.304 6.742 5.955 3.040 1.788 1.484 1.788 3.744 3.218 1.828 1.673 1.783 2.136 3.483 10.00 8.189 5.160 4.095 3.460 2.841 3.055 8.083 5.748 2.695 2.183 1.929 1.559 1.243 2.085 6.017 4.369
5.098 4.305 7.715 4.792 2.767 3.112 2.563 1.890 1.519 1.514 2.153 6.054 4.063 2.262 1.997 2.420 3.363 4.351 9.334 6.584 3.956 2.908 2.913 2.842 3.016 4.236 5.831 5.562 6.486 4.677 1.995 1.306 1.509 4.992 1.959 1.121 1.152 1.331 1.637 1.945 2.454 3.100 3.532 3.624 3.266 2.623 2.157 1.639 1.326 1.662 3.660 3.410 1.771 1.659 1.861 2.522 3.819 4.347 3.601 3.161 3.371 4.638 8.475 5.767 3.910 5.450 5.416 2.455 1.941 1.562 1.141 1.718 3.421 3.488 2.883 2.429
10.00 4.074 3.209 4.037 3.504 2.334 1.557 1.312 1.535 2.064 5.464 7.082 3.562 3.365 3.858 5.465 10.00 6.628 4.072 3.082 2.756 2.597 2.758 3.789 4.329 5.519 5.391 4.668 2.066 1.280 1.144 2.006 3.734 1.265 1.132 1.271 1.590 1.840 2.134 2.519 2.658 2.561 2.397 2.380 2.348 1.710 1.318 1.498 2.630 3.107 1.783 1.756 2.085 3.491 10.00 4.114 2.558 2.135 2.106 2.146 2.273 2.977 6.204 5.277 2.749 2.574 2.475 1.513 1.104 1.565 2.147 3.350 4.911 3.401 2.562 2.811
4.823 4.757 4.802 3.191 1.750 1.316 1.323 1.532 2.436 9.643 6.217 3.651 3.453 4.400 4.246 4.310 3.838 2.974 2.476 2.355 2.468 3.109 3.343 6.024 5.866 7.478 2.600 1.348 1.080 1.483 6.014 1.796 1.166 1.205 1.492 1.718 1.874 1.963 2.083 2.298 2.561 3.179 2.721 1.865 1.552 1.326 1.757 2.703 2.122 1.859 1.900 2.900 4.850 4.278 3.442 2.765 2.601 2.322 2.012 1.877 2.240 4.334 2.756 2.142 5.385 1.762 1.134 1.276 1.550 2.476 10.00 4.611 2.657 2.334 2.518 3.255
2.999 1.971 1.466 1.243 1.232 1.752 3.342 9.263 4.396 3.230 2.808 2.501 2.874 3.085 2.746 2.358 2.276 2.404 3.189 2.918 4.687 7.789 11.00 3.040 1.328 1.074 1.290 3.128 3.985 1.490 1.180 1.249 1.328 1.504 1.701 1.971 2.064 2.046 2.098 1.832 1.484 1.183 1.112 1.273 1.844 2.083 2.103 1.774 2.617 3.938 2.452 2.339 2.425 3.028 3.073 2.721 2.316 2.075 2.701 4.212 2.218 3.202 3.009 1.307 1.186 1.194 1.504 3.594 9.759 3.137 2.028 1.757 1.997 2.441 2.773 2.747
1.215 1.101 1.322 2.002 2.824 3.954 4.095 2.349 1.807 2.004 2.268 2.342 2.180 2.111 2.432 4.186 3.080 4.104 7.290 5.925 2.756 1.292 1.036 1.063 1.528 6.276 2.504 1.474 1.221 1.199 1.260 1.529 1.839 1.884 1.722 1.539 1.253 1.100 1.005 0.9564 0.9920 1.108 1.290 1.932 2.215 2.490 9.361 2.425 1.950 1.976 2.452 3.152 4.230 5.253 2.982 2.502 2.901 2.450 2.420 3.227 1.795 1.461 1.213 1.226 2.163 8.738 6.395 3.164 2.112 2.025 2.013 1.992 2.221 2.338 2.916 7.351
1.132 1.198 1.587 1.768 2.205 5.732 2.201 1.508 1.581 1.845 2.173 2.151 2.187 3.083 6.437 3.277 4.212 4.010 3.010 2.350 1.303 1.043 0.9513 1.013 1.976 10.00 2.543 1.783 1.521 1.315 1.350 1.560 1.475 1.330 1.269 1.208 1.185 1.118 1.031 1.009 1.085 1.248 1.682 2.447 2.755 8.400 2.564 1.876 1.868 2.087 2.560 3.863 9.273 4.050 2.614 2.503 2.672 2.433 2.793 3.123 1.698 1.147 1.276 1.758 3.399 11.00 8.004 3.184 2.427 2.052 1.906 1.606 1.155 1.082 1.310 2.117
1.142 1.251 1.274 1.512 4.744 2.091 1.285 1.283 1.530 1.871 2.189 2.803 5.356 7.657 3.484 3.753 3.519 3.352 3.459 1.835 1.266 1.043 0.9373 1.275 3.917 8.411 2.710 1.747 1.276 1.203 1.210 1.171 1.205 1.212 1.186 1.155 1.104 1.067 1.124 1.263 1.321 1.329 1.588 2.033 3.262 2.347 1.717 1.696 1.875 2.007 2.436 3.023 2.644 2.294 2.343 2.429 2.476 2.754 4.283 1.598 1.052 1.205 1.308 1.700 2.784 7.859 10.00 3.303 2.204 1.957 1.565 1.194 1.038 1.072 1.335 1.865
1.072 1.085 3.009 2.202 1.206 1.160 1.251 1.640 2.328 4.012 6.663 5.745 3.184 2.889 3.496 4.323 5.570 2.745 1.718 1.197 0.9853 1.088 1.880 4.968 4.794 2.370 1.538 1.223 1.262 1.308 1.343 1.505 1.556 1.342 1.170 1.014 0.9759 1.047 1.035 0.9534 0.9225 1.023 1.280 1.531 1.334 1.457 1.641 1.613 1.587 1.947 3.293 2.939 2.354 2.166 2.265 2.726 3.578 1.821 1.095 1.167 1.109 1.128 1.541 2.331 4.124 11.00 3.105 1.845 1.614 1.852 1.595 1.310 1.595 1.950 2.171 2.576
1.982 2.829 1.192 1.092 1.156 1.521 2.325 4.015 5.313 5.251 3.701 2.955 4.110 8.524 9.452 4.163 1.856 1.238 1.016 0.9631 1.217 2.256 4.455 10.00 5.498 2.353 1.827 1.647 1.555 1.523 1.504 1.286 1.096 0.8908 0.7005 0.6111 0.6068 0.6240 0.7284 0.8835 0.9977 1.098 1.151 1.240 1.538 1.518 1.278 1.465 2.149 5.538 3.930 2.538 2.278 2.695 4.292 2.656 1.339 1.283 1.234 1.149 1.277 1.730 2.040 2.794 5.586 3.738 3.271 3.244 1.980 1.649 1.727 1.972 2.020 2.349 6.123 4.003
1.257 1.092 1.135 1.468 2.200 3.464 4.180 4.409 6.277 4.930 4.876 11.00 7.614 6.474 2.287 1.475 1.065 0.8894 0.9951 1.643 2.167 2.352 3.304 10.00 5.682 3.347 2.617 1.941 1.532 1.236 1.102 0.9723 0.7865 0.7230 0.7216 0.7698 0.9163 1.008 1.034 1.020 1.032 1.099 1.243 1.319 1.251 1.323 1.843 2.573 3.810 3.989 4.019 4.584 5.348 3.861 1.963 1.660 1.656 1.502 1.523 1.709 1.717 1.608 1.736 2.156 4.908 2.815 1.820 1.677 1.793 2.060 2.105 2.314 3.384 10.00 4.885 2.178
1.124 1.322 1.964 2.841 3.455 3.763 6.996 5.214 4.114 11.00 6.706 10.00 4.592 2.199 1.321 0.9517 0.9547 1.257 1.609 1.707 1.825 2.372 3.438 4.189 6.244 10.00 7.119 4.868 3.467 2.706 2.147 1.797 1.581 1.260 1.083 0.9869 0.9267 0.8865 0.8100 0.8912 0.9898 1.124 1.124 1.196 1.712 2.141 2.513 2.977 4.037 11.00 7.051 6.079 3.627 2.068 1.859 1.874 1.629 1.543 1.536 1.281 1.166 1.204 1.914 3.839 2.321 1.820 1.711 1.636 1.577 1.672 1.809 2.162 5.744 2.610 1.342 2.331
1.729 2.409 3.082 3.839 7.464 4.535 3.780 9.883 7.330 8.055 8.083 2.944 1.791 1.197 1.085 1.162 1.262 1.341 1.471 1.737 2.296 2.511 2.666 3.370 3.730 3.522 3.343 4.254 10.00 10.00 3.820 1.867 1.114 0.8833 0.7313 0.6857 0.6119 0.6070 0.7119 0.8988 0.9868 1.055 1.274 1.686 2.063 2.658 3.695 6.602 8.948 7.451 4.773 2.454 2.153 2.106 1.758 1.496 1.339 1.306 1.231 1.154 1.295 3.244 5.113 2.200 1.981 2.018 2.060 2.413 2.915 2.562 2.988 6.482 1.536 1.549 3.636 3.801
4.390 8.886 4.510 4.063 8.075 7.242 5.360 6.782 2.822 2.048 1.668 1.266 1.177 1.195 1.222 1.197 1.351 1.916 2.198 2.245 2.620 2.986 2.943 2.424 2.100 2.443 3.374 3.345 2.190 1.464 0.9460 0.7176 0.5968 0.5169 0.4917 0.4992 0.6063 0.7764 0.9533 1.059 1.170 1.451 2.045 3.238 4.624 7.376 5.453 5.331 3.159 2.380 2.263 2.306 1.986 1.614 1.293 1.234 1.201 1.113 1.528 4.374 3.278 2.352 2.163 2.336 2.988 4.045 3.472 2.916 10.00 2.253 1.459 1.831 3.441 1.871 1.211 1.705
4.254 3.981 7.123 10.00 5.466 10.00 3.153 2.099 1.838 1.526 1.278 1.252 1.205 1.094 1.134 1.477 1.663 1.730 1.957 2.444 2.875 2.621 2.021 1.852 1.988 1.718 1.478 1.977 1.773 1.101 0.8083 0.6916 0.5136 0.4318 0.4335 0.5818 0.7385 0.8816 0.9226 1.010 1.472 2.778 5.589 10.00 4.443 4.668 4.198 3.111 2.630 2.618 2.585 2.243 1.643 1.220 1.121 1.039 1.108 2.253 4.667 2.631 2.230 2.446 2.877 3.059 2.818 2.418 3.269 3.082 1.509 1.319 1.894 1.802 1.244 1.597 4.047 2.631
3.478 4.523 11.00 6.164 6.833 7.255 2.761 2.286 2.033 1.761 1.603 1.315 1.064 0.9785 1.077 1.173 1.243 1.492 1.790 2.199 2.455 2.249 1.917 1.707 1.226 1.053 1.351 3.472 2.730 1.560 1.098 0.7957 0.5963 0.4879 0.4987 0.5975 0.6967 0.7286 0.7996 1.067 1.666 2.678 6.628 5.844 3.611 4.095 3.848 3.309 3.149 3.107 3.088 2.439 1.693 1.195 1.037 1.058 1.655 4.778 4.759 2.400 1.912 1.809 1.967 2.130 1.870 1.862 3.449 2.070 1.316 1.512 1.543 1.266 1.646 3.964 3.655 3.318
6.833 10.00 5.427 10.00 6.733 3.915 3.334 2.598 2.120 1.698 1.195 0.9856 0.9681 0.9956 1.041 1.159 1.454 1.731 1.991 2.128 1.996 1.652 1.126 0.9286 0.9772 1.685 10.00 2.240 1.722 1.229 0.8823 0.6140 0.5897 0.6094 0.6060 0.6089 0.7233 0.9540 1.247 1.803 2.699 10.00 6.503 4.436 3.649 3.313 3.818 4.279 4.132 3.633 2.678 1.572 1.118 1.148 1.473 2.117 5.107 9.606 3.621 2.512 2.259 2.186 1.840 1.618 2.208 3.897 1.925 1.738 1.798 1.637 2.158 5.190 4.506 2.730 1.724 1.458
5.276 9.534 4.801 3.662 3.140 2.595 2.045 1.616 1.200 1.065 1.020 1.024 1.087 1.204 1.338 1.523 1.615 1.665 1.536 1.114 0.8799 0.7567 0.9297 2.012 3.273 2.639 1.901 1.074 0.7434 0.6926 0.7062 0.6227 0.5970 0.6867 0.8905 1.101 1.321 1.766 2.732 8.708 10.00 6.062 3.896 3.715 4.617 5.501 5.956 4.324 1.866 1.264 1.193 1.230 1.502 1.946 2.960 7.779 4.022 2.080 1.890 1.811 1.695 1.903 3.616 3.680 2.364 2.375 2.448 4.093 3.612 2.788 2.002 1.664 1.501 1.300 1.274 1.284
3.617 2.885 2.583 2.322 1.992 1.673 1.469 1.243 1.165 1.137 1.112 1.119 1.164 1.249 1.342 1.507 1.206 0.9308 0.7672 0.7453 1.014 2.116 4.621 4.151 1.539 0.9263 0.7535 0.7327 0.6944 0.6169 0.6848 0.7892 1.042 1.199 1.326 1.739 2.684 4.897 10.00 10.00 5.517 4.607 5.006 5.670 4.199 2.221 1.673 1.311 1.222 1.271 1.481 1.639 2.097 3.697 2.714 1.983 1.689 1.592 1.630 2.011 4.523 4.402 3.003 5.479 6.834 2.314 1.743 1.645 1.773 1.926 1.797 1.535 1.238 1.251 1.349 1.225
11.00 6.617 4.835 4.513 3.380 2.509 2.155 1.857 1.620 1.349 1.186 1.115 1.159 1.233 1.293 1.558 1.490 1.058 0.9252 0.8843 0.9092 1.211 2.017 3.690 2.432 1.220 0.9872 0.7904 0.7027 0.6857 0.7050 0.7888 1.055 1.231 1.295 1.577 1.940 2.377 2.944 3.620 7.930 10.00 5.740 5.047 3.914 2.578 2.132 1.800 1.599 1.554 1.520 1.485 1.545 1.976 2.665 3.181 2.498 1.777 1.493 1.347 1.805 3.397 7.116 4.320 2.021 1.500 1.248 1.182 1.121 1.086 1.063 1.072 1.150 1.307 1.576 1.577
6.230 6.818 10.00 8.913 3.443 2.626 2.257 1.870 1.575 1.450 1.310 1.269 1.229 1.301 1.484 1.167 1.005 1.016 1.045 1.120 1.316 1.835 2.445 1.788 1.453 1.035 0.7519 0.6943 0.7097 0.8120 1.111 1.268 1.305 1.565 1.599 1.650 1.847 2.032 2.504 4.892 10.00 5.767 3.763 2.721 2.275 1.938 1.786 1.789 1.764 1.704 1.663 1.664 1.668 2.112 4.559 4.008 2.041 1.474 1.316 2.284 10.00 2.099 1.564 1.676 1.815 1.870 1.859 1.691 1.558 1.519 1.502 1.558 1.914 2.641 2.248 1.335
6.454 9.607 3.321 2.583 2.383 2.252 2.133 1.801 1.631 1.506 1.324 1.459 1.265 1.089 1.095 1.209 1.233 1.262 1.496 1.890 1.999 1.864 1.458 0.9693 0.7435 0.7102 0.8143 1.122 1.222 1.241 1.278 1.247 1.456 1.959 2.447 2.290 2.613 4.592 9.669 5.348 3.086 2.509 2.209 2.038 2.037 2.184 2.308 2.270 1.925 1.813 2.057 2.635 4.270 2.551 1.495 1.289 2.383 8.272 2.200 1.738 1.980 2.225 2.240 2.584 3.024 2.650 2.151 1.861 1.987 3.258 5.189 2.473 1.623 1.222 1.107 1.078
5.834 3.353 3.269 3.892 3.494 2.466 2.316 2.261 1.929 1.667 1.456 1.199 1.174 1.312 1.533 1.489 1.346 1.649 1.940 1.949 1.849 1.274 0.9490 0.7611 0.8896 1.078 1.131 1.138 1.194 1.263 1.466 1.881 2.352 2.341 2.490 2.874 3.812 10.00 5.806 3.221 2.634 2.475 2.299 2.310 2.596 2.600 2.381 2.573 2.575 2.470 2.965 2.632 1.566 1.556 3.405 5.525 3.776 2.322 1.783 1.714 1.690 1.762 1.911 1.912 1.750 1.623 1.876 3.493 3.250 2.250 1.978 1.646 1.291 1.155 1.095 1.113
4.028 3.034 3.053 3.550 3.290 2.315 1.596 1.266 1.234 1.482 1.839 1.736 1.491 1.527 1.858 1.871 1.936 1.853 1.319 0.9700 0.9535 1.076 1.152 1.202 1.278 1.322 1.452 1.606 1.804 1.984 2.439 2.681 2.918 6.359 11.00 5.798 3.304 2.876 2.600 2.634 2.787 2.488 2.579 2.880 2.872 2.723 2.889 2.773 1.712 1.977 7.812 3.211 3.478 5.216 2.995 2.489 2.695 3.209 2.702 1.878 1.602 1.678 2.144 3.660 3.068 2.430 2.206 1.794 1.567 1.509 1.286 1.034 0.9695 1.283 2.511 5.581
3.052 3.988 6.531 3.608 1.802 1.268 1.213 1.487 2.161 1.975 1.579 1.333 1.578 1.604 1.672 1.994 2.513 1.535 1.118 1.104 1.201 1.352 1.494 1.488 1.616 1.661 1.598 1.637 2.008 2.354 2.570 4.751 10.00 11.00 4.740 3.030 2.852 3.638 3.869 3.208 3.251 3.213 3.146 3.112 3.124 2.716 1.882 2.923 5.284 2.443 2.548 2.608 2.040 1.650 1.851 2.611 3.538 2.071 1.614 1.787 2.262 2.848 2.738 2.318 2.100 1.880 1.765 1.740 1.575 1.172 0.9614 0.9316 1.059 1.902 11.00 2.778
4.514 3.545 2.519 1.852 1.284 1.201 1.519 2.469 2.218 1.791 1.471 1.307 1.305 1.522 1.830 2.708 3.939 1.961 1.318 1.240 1.316 1.458 1.526 1.794 1.928 1.724 1.651 1.909 2.238 2.338 3.200 6.441 11.00 7.695 3.393 2.883 3.364 3.891 4.482 4.608 3.991 3.509 3.510 3.814 3.027 2.270 5.978 2.575 2.017 2.627 2.221 1.786 1.550 1.926 2.714 4.184 3.443 1.996 1.811 1.903 2.015 2.042 1.924 1.744 1.691 1.664 1.631 1.559 1.290 1.111 0.9726 0.8783 1.051 3.122 3.799 1.952
2.040 1.835 1.260 1.223 1.616 2.860 2.563 2.155 1.655 1.323 1.300 1.572 1.810 1.940 2.630 7.453 2.476 1.589 1.286 1.284 1.505 1.688 1.718 1.698 1.809 2.085 2.609 2.755 2.894 4.105 8.941 11.00 5.464 3.219 2.709 3.252 4.558 5.089 4.333 3.589 3.540 4.570 4.164 3.413 11.00 1.810 1.611 2.302 2.081 1.810 1.787 2.579 4.465 5.653 9.447 3.084 2.785 2.461 1.787 1.523 1.506 1.497 1.568 1.788 1.840 1.806 1.620 1.478 1.213 0.8972 0.7911 1.637 9.054 2.427 1.876 1.882
1.315 1.269 1.650 2.425 2.272 2.128 1.810 1.498 1.466 1.691 1.957 1.899 1.776 2.403 4.383 2.280 1.622 1.351 1.507 1.495 1.449 1.583 1.832 2.135 2.913 3.828 3.462 3.503 5.899 11.00 10.00 5.183 3.330 3.128 3.505 3.982 4.212 3.889 3.541 4.354 5.584 5.149 5.934 1.538 1.485 2.450 2.894 2.916 3.337 5.096 11.00 5.068 3.824 2.976 5.015 9.736 2.476 1.610 1.277 1.289 1.566 2.015 2.140 2.092 1.751 1.622 1.505 0.9927 0.7688 0.9997 2.342 10.00 2.406 1.662 1.460 1.191
1.922 1.785 1.897 1.941 1.724 1.662 1.783 2.329 2.508 1.988 1.793 2.261 2.391 2.050 1.692 1.610 1.492 1.327 1.463 1.602 1.955 2.957 5.127 4.294 3.259 4.391 10.00 10.00 10.00 10.00 4.867 3.593 3.456 4.090 4.549 3.910 3.761 4.588 5.312 3.781 1.342 1.499 2.872 6.586 6.973 4.357 3.775 5.707 3.717 2.266 2.323 3.878 3.298 2.064 1.865 1.727 1.561 1.723 2.288 2.432 2.146 1.711 1.543 1.320 1.095 0.9291 0.7849 0.9819 1.894 5.140 2.567 1.319 1.004 1.092 1.322 1.487
1.878 2.380 3.255 2.679 1.903 1.644 1.624 1.856 1.867 1.794 1.734 1.657 1.533 1.470 1.691 2.654 5.838 5.533 3.639 4.409 6.909 7.626 8.072 9.661 11.00 9.662 4.788 4.058 5.065 5.297 4.416 4.314 5.046 3.032 1.346 1.504 2.315 2.734 2.540 2.568 2.487 2.514 3.008 3.823 7.581 5.033 2.344 1.790 1.768 2.117 2.286 2.459 2.612 2.406 2.083 1.802 1.749 1.450 1.153 1.094 0.9561 0.8104 0.9502 1.588 10.00 2.292 1.128 1.081 1.309 1.452 1.474 1.680 1.865 2.198 2.452 2.368
2.806 3.023 2.184 1.600 1.346 1.629 1.986 1.982 1.997 2.046 1.802 1.558 1.565 2.230 5.083 6.274 4.574 5.173 6.953 8.558 9.706 7.173 6.298 8.216 10.00 4.841 4.862 7.145 7.525 6.205 6.260 2.940 1.550 1.634 2.311 2.235 2.030 1.957 1.700 1.722 2.296 3.991 4.383 2.286 1.837 1.919 2.005 2.088 2.260 3.636 3.754 2.433 1.918 1.774 1.898 1.529 1.186 1.186 1.114 0.9578 0.7819 0.9557 1.917 5.899 1.636 1.175 1.340 1.550 1.566 1.619 1.629 1.874 2.214 2.158 1.833 1.478
