B/P-1/test_case/TRfs_min_kerala_2.asc
ncols         735
nrows         742
xllcorner     697287.30791772006
yllcorner     1083832.4022503800
cellsize      30
NODATA_value  -9999.
[rows 68 to 101 of 742, columns 608 to 683 of 735]
2.599 2.058 2.277 3.149 4.794 3.634 2.299 1.589 1.536 2.031 4.021 3.784 2.018 1.665 1.699 1.812 1.679 1.752 2.218 2.294 2.111 2.230 2.583 3.178 4.378 5.991 5.220 7.735 11.00 3.765 1.186 0.7778 0.9631 1.911 3.319 3.514 3.883 3.483 3.698 3.888 2.095 1.915 2.322 3.104 3.345 2.229 1.623 1.291 1.135 1.078 1.184 1.314 1.209 1.000 0.9018 0.9337 1.039 1.136 1.150 1.110 1.126 1.151 1.089 0.9898 0.9114 0.7503 0.5933 0.4894 0.4931 0.5912 0.6902 0.6899 0.6924 0.6070 0.5147 0.5712
2.153 2.962 3.938 3.309 3.023 2.852 2.269 2.061 2.307 2.606 2.302 2.118 2.157 2.006 1.860 1.600 1.278 1.607 2.414 3.233 2.944 2.516 2.708 3.432 3.841 3.173 3.217 3.401 6.274 2.518 0.9692 0.7684 1.070 1.944 3.134 4.160 3.872 5.090 3.984 2.238 2.117 2.101 2.314 2.981 2.938 2.267 1.765 1.284 1.056 1.019 1.111 1.159 1.070 0.9729 0.9520 0.9731 1.000 1.006 0.9821 1.005 1.104 1.158 1.089 1.020 0.9569 0.8802 0.7261 0.6191 0.6775 0.7023 0.6128 0.5849 0.5810 0.5746 0.6163 0.7026
4.882 3.339 3.607 4.815 4.950 2.514 1.578 1.691 2.318 2.803 3.327 2.664 2.079 1.903 1.568 1.279 1.469 2.197 3.399 2.924 2.823 2.927 3.012 2.750 3.002 2.957 2.724 7.584 1.853 1.049 1.045 1.661 3.525 10.00 7.568 5.142 3.156 2.672 3.858 3.752 2.916 3.427 4.301 3.750 2.744 2.047 1.564 1.228 1.178 1.207 1.165 1.066 1.021 0.9975 0.9887 1.023 1.012 0.9643 0.9764 1.029 1.066 1.099 1.075 1.016 0.9526 0.8053 0.7667 0.7710 0.7014 0.5720 0.5024 0.5054 0.5973 0.6848 0.6840 0.7140
5.462 5.206 3.352 1.849 1.546 2.001 2.765 3.136 2.871 2.173 1.936 2.319 2.411 1.531 1.150 1.552 3.251 4.469 3.387 2.990 3.125 3.372 4.437 4.609 2.900 3.177 2.728 1.471 1.155 1.501 2.536 4.213 3.057 2.219 2.110 2.511 3.360 3.751 3.790 4.658 7.239 7.642 4.615 3.116 2.278 1.799 1.658 1.684 1.638 1.513 1.327 1.191 1.084 1.142 1.167 1.032 0.9106 0.8848 0.9502 1.091 1.152 1.077 0.9929 0.9107 0.8120 0.8882 0.7880 0.6838 0.5088 0.4285 0.4827 0.5672 0.5108 0.5041 0.5758 0.5649
2.447 1.755 1.863 2.304 2.271 2.338 2.268 1.832 1.871 2.754 3.379 1.724 1.199 1.350 2.244 4.751 4.355 3.752 4.579 6.233 7.093 5.434 3.244 2.349 1.798 1.258 1.287 1.738 2.407 3.616 3.898 3.809 5.443 8.597 6.049 5.029 4.594 4.648 5.482 5.846 4.487 3.118 2.248 1.949 2.127 2.357 2.301 2.302 2.443 1.944 1.476 1.339 1.345 1.174 0.9579 0.7976 0.8996 1.058 1.142 1.061 0.9439 0.8077 0.8030 0.8804 0.8951 0.7782 0.5939 0.4326 0.4259 0.5014 0.5080 0.4895 0.4902 0.4402 0.4831 0.5056
1.830 2.005 2.103 2.630 2.521 1.919 2.208 3.438 3.082 2.005 1.521 1.551 1.851 2.945 4.746 4.050 3.932 5.591 4.777 3.310 2.727 2.257 1.850 1.556 1.829 2.510 2.900 2.992 3.265 5.329 6.727 5.548 3.705 3.079 3.370 4.062 5.434 5.195 3.231 2.388 2.072 2.094 2.560 2.695 2.347 2.455 3.251 2.872 1.908 1.656 1.658 1.459 1.059 0.9046 0.9256 1.054 1.106 1.089 1.036 0.9615 0.9387 0.9132 0.9293 0.8856 0.6931 0.5133 0.4962 0.5002 0.4965 0.4930 0.4966 0.4928 0.4817 0.4863 0.5142 0.6826
3.111 3.058 2.053 1.458 1.465 2.498 3.227 2.461 1.901 1.759 1.878 2.261 3.297 5.512 3.359 3.563 3.338 2.780 3.012 2.731 2.014 1.599 1.951 3.030 4.959 4.148 2.906 3.304 4.751 6.120 4.636 3.061 2.399 2.463 3.539 4.351 2.870 2.429 2.490 2.852 3.647 3.120 2.286 2.282 2.864 2.692 2.054 1.822 1.906 1.662 1.156 0.9893 1.036 1.153 1.168 1.182 1.199 1.141 1.109 1.081 1.067 0.9590 0.7560 0.5962 0.5707 0.5640 0.4946 0.4913 0.5080 0.5678 0.5175 0.5065 0.5116 0.5177 0.6219 0.8920
1.245 1.157 1.634 2.620 2.953 2.526 2.134 2.104 2.006 1.984 3.366 10.00 5.487 3.510 2.935 3.333 2.753 1.854 1.560 2.025 2.690 3.882 10.00 5.942 3.862 5.227 9.590 10.00 5.388 3.097 2.745 3.200 3.116 2.340 2.417 3.149 3.965 4.234 3.120 2.166 1.956 2.279 2.605 2.269 1.902 2.077 1.880 1.284 1.134 1.257 1.533 1.451 1.144 1.091 1.149 1.214 1.262 1.231 1.091 0.9494 0.7202 0.6092 0.6116 0.5845 0.5106 0.5148 0.5797 0.5891 0.5875 0.6148 0.6136 0.6229 0.7404 0.8857 0.9611 1.036
1.799 1.907 2.260 2.130 1.673 1.631 1.705 1.617 1.829 3.368 9.315 4.150 3.177 3.256 2.733 2.123 2.102 3.225 4.000 3.780 4.036 10.00 7.041 5.515 9.939 9.824 5.078 3.401 3.333 3.692 3.092 2.372 2.276 2.622 2.957 3.093 3.000 2.514 2.292 2.764 3.193 2.271 1.880 2.067 1.893 1.515 1.468 1.625 1.778 1.660 1.187 1.007 1.014 1.115 1.234 1.250 1.201 1.140 0.9493 0.7720 0.7556 0.7342 0.6163 0.5823 0.5879 0.5905 0.5949 0.7018 0.7559 0.7783 0.7853 0.7634 0.8960 1.088 1.184 1.131
2.511 1.905 1.515 1.237 1.239 1.452 1.521 1.692 2.219 3.508 4.065 3.741 4.293 4.200 3.076 3.130 4.124 6.604 11.00 4.819 7.008 10.00 5.638 8.989 9.742 5.540 3.295 3.027 3.532 3.130 2.393 2.144 2.411 2.868 3.125 3.119 2.744 2.487 3.035 3.365 2.345 1.947 1.944 1.783 1.701 1.838 1.862 1.769 1.703 1.340 1.046 0.9378 1.006 1.163 1.260 1.323 1.321 1.165 1.048 0.9850 0.9539 0.7823 0.6252 0.6018 0.5962 0.5860 0.6015 0.6969 0.7865 0.8074 0.7065 0.7738 1.084 1.221 1.252 1.163
4.279 2.227 1.924 1.885 1.679 1.621 1.766 2.465 4.326 6.450 4.285 3.237 2.835 3.304 3.842 4.546 8.700 6.156 10.00 11.00 7.544 8.535 7.805 5.909 3.453 2.595 2.686 2.589 2.183 1.985 2.293 3.114 3.893 3.929 2.972 2.323 2.504 2.824 2.343 1.949 1.881 1.923 2.038 2.163 1.990 1.716 1.586 1.320 1.076 0.9444 0.9850 1.137 1.251 1.325 1.334 1.254 1.207 1.174 1.150 1.004 0.7444 0.6151 0.6140 0.6047 0.5860 0.5883 0.7407 0.7984 0.6143 0.7089 0.9260 0.9806 1.038 1.134 1.215 1.230
1.561 1.596 1.281 1.171 1.477 2.500 5.713 11.00 8.606 3.566 2.647 2.775 3.175 3.120 3.077 3.855 7.745 10.00 10.00 10.00 10.00 8.519 6.133 4.574 4.407 4.443 3.108 2.232 2.236 2.697 3.473 5.027 4.370 2.778 2.368 2.287 2.111 1.933 1.997 2.225 2.481 2.717 2.401 1.916 1.628 1.331 1.134 1.005 1.002 1.083 1.147 1.172 1.166 1.142 1.141 1.179 1.198 1.124 0.9465 0.7479 0.7340 0.7292 0.7098 0.6107 0.6918 0.7401 0.6161 0.6908 0.7164 0.7175 0.7574 0.9054 1.022 1.211 1.736 1.680
1.475 1.199 1.182 1.613 2.829 4.461 6.741 11.00 6.457 3.322 2.794 2.935 2.563 2.425 2.841 3.889 5.700 9.574 11.00 10.00 5.663 6.242 7.494 5.510 6.009 5.350 3.126 2.424 2.194 2.443 3.869 3.921 3.067 2.721 2.444 2.140 1.927 1.977 2.266 2.730 3.517 3.512 2.638 2.094 1.775 1.327 1.141 1.082 1.092 1.097 1.088 1.040 1.002 1.003 1.021 1.067 1.154 1.102 0.9852 0.9539 0.9208 0.8919 0.7291 0.6125 0.5884 0.5913 0.6167 0.5963 0.5937 0.5948 0.5949 0.6188 0.8007 1.265 1.712 1.631
1.326 1.594 2.083 2.197 2.350 2.951 3.740 4.068 4.018 6.233 7.435 9.397 11.00 5.374 4.070 5.343 9.152 9.245 5.013 5.758 5.059 3.531 3.492 4.804 3.990 2.960 2.208 1.872 2.251 3.031 2.853 2.600 2.735 2.709 2.258 2.162 2.377 2.567 2.775 2.842 2.642 2.511 2.217 1.757 1.500 1.307 1.234 1.145 1.102 1.028 0.9671 0.9422 0.9555 1.066 1.203 1.125 1.078 1.080 1.076 1.047 0.8894 0.7097 0.5779 0.5873 0.6184 0.6097 0.6072 0.5845 0.4923 0.4352 0.5923 0.9437 1.268 1.345 1.528 1.722
1.880 1.844 1.585 1.552 1.576 1.639 1.679 1.581 1.453 1.500 1.935 3.510 5.286 6.670 10.00 10.00 8.309 6.092 5.123 3.441 2.511 2.825 3.365 3.331 2.785 2.124 1.819 1.871 2.104 2.394 2.867 2.980 2.783 2.906 2.983 2.579 2.208 2.036 2.056 2.173 2.136 1.916 1.676 1.554 1.347 1.292 1.282 1.203 1.158 1.095 1.071 1.193 1.306 1.212 1.135 1.083 1.146 1.251 1.068 0.7936 0.6893 0.7198 0.7617 0.7378 0.7194 0.7123 0.5806 0.4345 0.5645 0.7864 1.037 1.026 1.085 1.256 1.333 1.586
1.305 1.271 1.262 1.242 1.195 1.199 1.162 1.128 1.277 1.671 1.906 2.252 3.183 6.595 10.00 11.00 10.00 3.455 2.610 2.800 2.909 2.771 2.651 2.200 1.719 1.560 1.651 2.135 2.951 3.254 3.608 4.083 3.602 3.118 2.943 2.723 2.330 2.016 1.855 1.636 1.524 1.642 1.923 1.897 1.760 1.839 1.654 1.282 1.245 1.325 1.477 1.291 1.111 1.114 1.341 1.277 0.9327 0.7376 0.8011 0.9341 0.9063 0.7927 0.7772 0.6800 0.4911 0.5078 0.7255 0.9117 0.9290 0.9445 0.9404 1.022 1.263 1.843 2.146 1.654
1.176 1.201 1.312 1.297 1.145 1.109 1.201 1.318 1.634 1.978 2.976 3.768 3.899 5.295 8.989 3.696 3.296 2.856 2.433 2.716 2.796 2.032 1.525 1.327 1.734 2.107 2.083 2.353 3.054 3.227 3.427 4.084 4.511 3.612 2.499 2.024 1.768 1.742 2.141 2.488 2.254 2.299 2.503 2.173 1.695 1.493 1.481 1.612 1.555 1.207 1.083 1.207 1.281 1.024 0.7862 0.7876 0.9016 0.9587 0.9368 0.7888 0.6173 0.4868 0.4856 0.6124 0.7694 0.9125 0.9418 0.7588 0.7150 0.7643 0.9896 1.492 1.716 1.263 1.063 1.067
1.224 1.514 1.723 1.738 1.690 1.794 1.990 2.029 1.789 2.299 3.224 3.804 3.896 7.488 6.582 4.256 3.378 2.848 3.483 3.969 2.707 1.836 1.611 1.816 1.938 1.707 1.608 1.766 1.957 2.150 2.398 2.782 2.984 2.610 2.279 2.301 2.319 2.267 2.323 2.480 2.792 2.764 2.345 1.948 1.676 1.556 1.672 1.630 1.307 1.128 1.147 1.209 1.082 0.9529 0.8857 0.8118 0.9657 1.040 0.9257 0.6890 0.4970 0.4860 0.5959 0.7319 0.8832 0.9493 0.7603 0.6009 0.5755 0.5864 0.7561 1.105 1.293 1.161 1.018 1.085
1.260 1.542 1.716 1.883 2.120 2.461 2.346 1.814 1.952 2.482 3.051 3.310 4.467 3.905 2.269 1.893 2.104 3.073 4.242 2.735 2.064 2.298 3.075 3.559 2.582 1.855 1.660 1.639 1.620 1.618 1.660 1.787 2.066 2.467 2.639 2.205 1.951 2.176 2.733 2.997 2.762 2.247 1.855 1.594 1.477 1.630 1.754 1.639 1.325 1.249 1.235 1.108 1.039 1.020 0.9821 1.061 1.158 1.031 0.7593 0.5827 0.5170 0.6227 0.7445 0.8092 0.9656 0.9324 0.7312 0.6051 0.5103 0.5053 0.6903 1.002 1.183 1.039 1.015 1.152
1.234 1.280 1.581 1.838 1.823 1.955 2.004 2.029 2.208 2.890 2.360 1.679 1.747 2.185 2.784 3.396 2.926 2.398 2.944 4.459 7.544 6.145 4.332 3.618 2.660 1.942 1.724 1.818 2.059 2.502 3.194 3.042 2.254 1.845 2.040 2.997 3.234 2.729 2.197 1.830 1.623 1.544 1.678 1.854 1.863 1.670 1.556 1.501 1.195 1.058 1.047 1.046 1.147 1.176 1.045 0.7870 0.5938 0.5751 0.7142 0.8124 0.9159 0.9731 1.007 0.8936 0.7071 0.5719 0.4402 0.4373 0.6148 0.9563 1.048 1.005 0.9631 0.9510 1.043 1.201
1.208 1.289 1.317 1.318 1.339 1.495 1.891 2.220 2.019 2.329 2.890 2.994 2.939 3.452 3.828 3.662 3.636 3.867 4.663 5.542 10.00 8.617 5.373 3.456 3.477 3.513 2.839 3.073 3.272 2.708 2.240 2.366 3.534 3.527 2.769 2.229 1.875 1.663 1.607 1.698 1.787 1.761 1.658 1.614 1.646 1.496 1.161 1.023 1.049 1.129 1.122 1.032 0.8018 0.5903 0.5074 0.6957 0.9038 0.9493 0.9459 0.9697 0.9285 0.7470 0.5839 0.4864 0.3729 0.3763 0.5900 0.8056 0.9804 0.9238 0.8062 0.9857 1.186 1.327 1.607 2.006
0.9510 0.9783 1.007 1.033 1.032 1.025 1.156 1.664 2.066 2.089 2.218 2.342 2.563 3.135 5.017 10.00 6.938 5.363 4.745 4.133 6.051 10.00 11.00 5.685 4.759 4.099 2.939 2.887 2.941 2.804 2.717 2.665 2.956 3.018 2.909 2.498 1.948 1.622 1.587 1.798 1.826 1.664 1.546 1.472 1.462 1.313 1.090 0.9227 1.015 1.051 1.015 0.9934 0.9228 0.7004 0.5637 0.6080 0.7842 0.9192 0.9310 0.9666 0.9695 0.8086 0.6153 0.4996 0.4188 0.3550 0.3664 0.5163 0.7601 0.8109 0.7939 1.014 1.291 1.619 1.716 1.816
0.7929 0.8984 0.8769 0.7615 0.7830 1.081 1.812 2.167 2.552 3.489 3.913 4.580 6.502 10.00 11.00 10.00 6.633 5.058 5.221 8.472 9.446 4.558 4.450 4.304 3.930 3.546 2.637 2.312 2.399 2.480 2.539 2.909 3.455 3.095 2.265 1.713 1.591 1.814 1.576 1.468 1.500 1.460 1.232 1.170 1.024 0.7997 0.9686 0.9875 0.9618 1.048 1.128 0.9710 0.7567 0.7308 0.7699 0.8882 0.9399 1.009 1.012 0.9106 0.7106 0.5716 0.4843 0.3739 0.3564 0.3678 0.5158 0.6879 0.7278 0.9342 1.240 1.794 2.067 2.045 2.122 3.161
0.7203 0.7264 0.8986 1.291 2.197 3.680 10.00 10.00 5.866 4.335 3.907 4.100 4.748 5.131 7.633 10.00 8.290 5.089 4.515 5.786 6.471 5.537 3.625 2.363 1.927 2.091 2.609 2.921 3.362 4.544 4.278 2.887 1.829 1.538 1.452 1.213 1.221 1.342 1.466 1.308 1.569 1.482 1.100 1.230 1.195 1.177 1.261 1.294 1.194 1.070 0.9827 0.9076 0.9015 0.9642 1.045 1.045 0.9659 0.7980 0.7120 0.6024 0.5133 0.4320 0.3676 0.3780 0.4927 0.5655 0.6891 0.9573 1.489 2.002 2.244 2.210 2.411 2.866 1.073 0.5822
0.7732 0.9915 1.581 3.371 7.075 3.456 2.286 1.947 2.067 2.518 2.679 2.540 3.366 5.266 5.544 4.499 5.003 7.108 5.500 3.144 1.966 1.456 1.146 1.192 1.590 1.949 2.337 3.500 4.044 2.910 1.801 1.344 1.303 1.548 1.503 1.603 1.606 1.588 1.669 1.607 1.600 1.925 2.015 2.151 1.754 1.486 1.466 1.280 1.202 1.115 1.038 1.089 1.133 1.140 1.075 0.9767 0.9176 0.8774 0.7430 0.5885 0.4368 0.3771 0.3666 0.3648 0.4332 0.6237 0.9763 1.317 1.770 2.044 2.568 3.860 1.200 0.5864 0.5965 0.9775
2.508 2.115 1.799 1.798 1.828 1.730 1.531 1.236 1.229 1.595 2.134 2.774 3.421 3.767 3.238 2.126 1.498 1.256 1.089 1.003 1.057 1.176 1.266 1.588 1.888 2.053 1.899 1.756 1.954 2.158 1.867 1.885 1.869 1.873 1.552 1.456 1.627 2.055 2.805 2.375 1.954 1.963 2.174 2.239 2.097 1.735 1.458 1.309 1.226 1.166 1.054 0.9726 0.9420 0.9579 0.9103 0.7034 0.5633 0.4845 0.3671 0.3411 0.3499 0.4838 0.7001 0.9148 1.068 1.277 1.944 6.423 1.520 0.5984 0.5842 0.9773 1.344 1.809 2.617 4.593
3.000 2.185 1.658 1.349 1.305 1.458 1.646 1.891 2.205 2.632 2.816 2.337 2.058 2.510 1.723 1.158 0.9876 0.9804 0.9821 1.015 1.229 1.875 2.708 3.481 3.424 2.480 2.077 2.294 2.293 1.995 1.597 1.579 2.009 2.643 2.195 1.773 1.976 2.374 3.001 3.594 2.910 2.216 1.907 1.671 1.456 1.154 0.9714 0.9127 0.9015 0.9224 0.9246 0.7741 0.7002 0.6232 0.5113 0.3599 0.3410 0.3661 0.5103 0.6207 0.7107 0.7848 1.108 2.733 2.037 0.6972 0.5687 0.8813 1.261 1.753 2.331 3.452 5.167 2.269 1.294 1.116
4.804 4.253 2.627 1.719 1.489 1.624 1.659 1.764 2.254 2.928 3.115 2.835 3.483 2.620 1.663 1.164 1.014 0.9827 1.006 1.136 1.489 2.081 3.996 4.554 2.891 2.195 2.639 2.898 2.021 1.574 1.490 1.914 3.030 2.218 1.696 1.970 2.344 2.684 2.603 2.202 2.007 2.072 2.063 1.979 1.564 1.130 1.030 0.9833 0.9301 0.9111 0.8841 0.8129 0.8875 0.7297 0.4890 0.3493 0.3449 0.3755 0.4938 0.5003 0.4957 0.5889 0.9093 1.339 0.9379 0.6858 0.7772 1.110 1.560 2.067 3.208 4.963 5.550 2.085 1.457 1.212
3.665 3.353 1.900 1.300 1.310 1.298 1.287 1.678 2.412 3.074 2.910 2.767 3.350 3.461 2.466 1.728 1.289 1.159 1.152 1.134 1.239 1.796 2.315 2.504 2.160 2.369 2.678 1.907 1.270 1.138 1.691 4.230 3.503 1.919 1.743 1.575 1.454 1.513 1.623 1.737 1.997 2.441 2.626 1.841 1.472 1.295 1.183 0.9986 0.8842 0.7862 0.8114 0.9327 0.9147 0.6968 0.4330 0.3543 0.3629 0.4227 0.3777 0.3547 0.3412 0.3501 0.4982 0.7506 0.8078 0.9043 1.042 1.271 1.902 3.522 4.845 10.00 2.797 1.768 1.552 1.214
2.564 1.592 1.457 1.470 1.279 1.351 1.849 2.368 2.710 2.954 4.056 6.754 6.007 3.933 2.447 1.667 1.337 1.225 1.130 1.131 1.334 1.857 2.120 2.570 2.895 1.834 1.244 1.099 1.329 2.983 4.781 2.884 2.483 2.279 1.913 1.764 1.807 2.025 2.220 2.503 2.309 1.877 1.641 1.453 1.219 1.069 0.9223 0.7872 0.7948 0.9083 0.9662 0.9137 0.6982 0.5095 0.5010 0.5066 0.4824 0.3748 0.3560 0.3378 0.3442 0.4354 0.6143 0.7431 0.8118 1.055 1.875 4.761 6.549 11.00 3.560 2.216 1.948 1.521 1.080 0.9031
1.863 1.577 1.308 1.502 1.773 2.115 2.680 3.623 4.076 3.541 2.984 2.655 1.973 1.550 1.501 1.259 1.108 1.099 1.284 1.733 2.144 2.210 1.954 1.724 1.317 1.295 1.766 2.637 3.452 4.147 4.739 4.196 2.540 2.401 3.658 3.762 2.666 2.149 2.017 1.716 1.348 1.241 1.159 1.030 0.9397 0.9342 0.9481 0.9375 0.9182 0.7862 0.7101 0.7048 0.6904 0.5888 0.5088 0.5099 0.5012 0.4285 0.4301 0.5651 0.6806 0.7372 1.004 1.856 3.459 10.00 11.00 4.646 3.037 3.002 2.141 1.207 0.9392 0.9381 0.9788 1.059
1.241 1.569 1.796 2.227 3.064 2.814 2.183 1.952 2.202 2.092 1.758 1.674 1.515 1.274 1.146 1.133 1.253 1.293 1.777 2.482 2.206 1.777 1.640 1.498 1.335 1.605 1.910 2.355 2.686 2.125 2.509 4.015 4.359 2.915 2.251 2.093 1.834 1.656 1.547 1.310 1.160 1.061 1.079 1.071 0.9643 0.8948 0.7863 0.7548 0.7355 0.6916 0.6071 0.5930 0.5997 0.6184 0.6129 0.6056 0.6878 0.7255 0.7637 1.045 1.476 1.691 2.776 8.860 3.958 2.713 3.024 2.764 1.724 1.200 1.049 0.9720 1.032 1.190 1.486 1.784
1.793 2.017 1.955 1.966 2.300 2.556 2.305 2.187 2.083 2.215 2.422 1.874 1.292 1.169 1.132 1.349 1.865 1.953 2.025 2.180 1.847 1.476 1.245 1.334 1.796 1.992 2.040 2.177 2.093 2.219 2.497 2.957 3.844 3.464 2.425 1.932 1.597 1.242 1.141 1.206 1.199 1.045 0.9111 0.7812 0.7655 0.7146 0.6138 0.5939 0.5945 0.5960 0.6114 0.7015 0.7318 0.7461 0.7606 0.8883 1.111 1.207 1.156 1.279 2.125 2.382 1.923 1.971 1.818 1.993 2.645 2.013 1.307 1.185 1.523 1.861 1.855 1.910 2.490 3.276
1.506 1.603 2.046 2.855 2.767 2.500 2.783 3.269 3.809 4.177 2.418 1.560 1.323 1.249 1.315 1.720 1.897 2.226 2.848 2.624 2.085 1.811 1.645 1.522 1.783 2.277 2.416 2.212 1.951 1.962 2.728 4.105 4.585 3.271 2.718 2.145 1.581 1.269 1.314 1.333 1.199 0.9825 0.8081 0.7741 0.7179 0.6081 0.5635 0.5122 0.5739 0.6042 0.6931 0.7229 0.7530 0.8882 1.034 1.173 1.110 0.9926 0.9124 1.003 1.176 1.341 1.822 1.633 1.598 1.871 2.601 2.278 1.555 1.696 2.367 2.361 1.978 1.760 1.896 2.322
