B/P-1/test_case/TRfs_min_kerala_1.asc
ncols         735
nrows         742
xllcorner     697287.30791772006
yllcorner     1083832.4022503800
cellsize      30
NODATA_value  -9999.
[rows 340 to 373 of 742, columns 456 to 531 of 735]
4.530 4.662 5.395 7.430 10.00 10.00 11.00 11.00 9.839 5.197 4.615 5.361 5.602 4.248 4.581 7.353 10.00 7.809 3.787 3.028 3.024 3.608 4.769 7.149 10.00 10.00 6.531 3.292 2.614 2.617 2.356 2.013 2.051 3.203 4.957 3.998 4.176 6.689 11.00 10.00 11.00 7.514 3.629 3.168 3.956 4.124 10.00 5.053 5.753 5.519 6.772 3.227 2.094 2.404 3.639 2.406 2.218 1.908 1.855 2.268 2.856 4.274 10.00 2.378 1.507 1.227 1.159 1.051 0.9487 0.9123 0.9304 0.9828 0.9985 0.9797 1.010 1.111
11.00 5.704 3.670 3.125 2.406 2.080 2.257 2.864 4.410 6.633 4.557 4.873 4.777 4.028 4.748 8.222 9.110 10.00 3.770 2.464 3.087 7.651 5.264 2.831 2.212 2.502 5.081 9.293 3.180 2.160 1.762 1.762 2.375 4.020 4.932 3.641 3.740 3.695 4.019 4.456 4.744 5.082 5.378 5.707 4.629 4.293 11.00 5.080 5.111 11.00 5.665 2.909 2.490 3.779 4.553 2.492 2.871 2.634 2.306 2.288 2.287 2.818 6.191 6.872 2.505 1.807 1.520 1.167 1.018 0.9712 0.9882 1.030 1.005 0.9666 1.001 1.099
1.724 1.699 1.721 1.833 1.951 2.402 4.570 4.976 4.050 4.413 4.798 6.855 11.00 9.523 4.592 3.389 2.929 3.975 5.667 2.668 1.935 1.619 1.464 1.787 3.390 6.793 3.202 2.660 3.389 6.711 7.054 6.936 5.273 3.785 3.222 3.007 2.993 3.382 4.610 4.468 3.460 3.474 6.075 11.00 4.232 5.268 9.602 3.546 3.327 3.846 5.149 2.753 2.369 4.077 4.094 3.428 2.914 2.447 2.451 2.925 4.091 6.360 4.118 2.387 1.739 1.424 1.197 1.158 1.120 1.020 0.9514 0.9885 1.119 1.376 1.246 1.098
2.266 2.346 2.621 2.426 2.149 2.025 1.985 1.879 1.903 1.990 2.118 3.256 10.00 4.423 3.287 3.636 6.099 7.240 3.960 2.779 2.332 2.638 5.500 7.525 2.755 2.089 2.003 1.561 1.396 1.554 2.249 4.575 8.975 8.362 5.610 6.879 5.583 4.237 3.503 3.069 2.960 3.337 5.306 6.180 3.014 2.861 4.520 11.00 4.627 2.976 4.903 4.471 3.580 4.392 4.121 2.904 2.057 2.391 3.906 3.033 3.214 3.921 4.160 3.785 3.444 3.734 6.793 11.00 7.983 5.780 3.553 2.274 1.753 1.459 1.116 0.9555
3.283 3.658 3.716 4.703 4.320 3.044 2.518 2.574 2.467 2.447 2.563 2.485 2.637 4.258 11.00 3.072 2.035 2.223 3.015 2.587 2.189 2.069 2.593 4.094 3.659 2.329 1.991 2.999 2.806 1.553 1.100 1.130 1.917 5.416 10.00 5.788 3.959 3.401 3.378 3.286 3.052 3.178 3.601 4.488 4.033 2.837 3.163 5.619 7.024 2.817 2.569 3.679 2.871 3.060 3.612 3.059 2.534 2.445 4.278 3.123 2.307 2.790 4.471 8.445 7.504 5.203 4.860 5.086 7.494 6.260 5.018 6.026 9.894 4.425 2.395 1.558
5.799 4.044 5.370 8.186 7.844 9.928 10.00 5.090 3.931 3.310 3.280 3.351 3.089 3.751 5.614 3.053 2.382 2.760 2.141 2.132 2.764 4.239 3.141 2.847 2.322 2.095 3.022 10.00 4.112 1.542 1.094 1.376 2.133 3.539 5.577 9.691 11.00 8.819 4.431 3.760 3.354 2.889 3.732 7.977 5.972 2.530 2.867 4.476 2.703 2.686 2.906 2.747 2.806 4.225 8.006 2.698 2.355 2.816 4.555 5.781 4.967 4.584 3.951 3.713 3.269 2.824 2.766 2.645 2.926 4.570 4.922 2.350 1.396 1.024 1.093 1.355
5.952 6.116 7.511 6.017 4.737 5.267 4.513 3.263 3.211 3.503 3.576 3.879 4.564 4.959 7.547 3.856 2.116 2.769 7.822 4.139 2.722 3.210 2.646 2.245 2.667 3.863 10.00 2.678 1.525 1.678 2.309 2.535 2.558 2.750 3.171 3.540 3.831 4.796 6.507 4.227 4.148 3.576 3.032 3.846 7.394 5.672 2.700 3.269 8.369 3.358 2.729 2.730 3.166 4.345 8.267 4.512 3.099 2.850 2.674 2.871 3.138 3.560 3.570 3.083 2.610 2.474 2.883 3.474 2.957 2.401 2.527 3.675 3.783 1.836 1.177 1.162
5.910 4.167 3.212 2.699 2.223 2.083 -9999. -9999. -9999. 2.443 3.883 11.00 4.527 3.024 3.996 2.437 2.152 3.449 3.591 2.867 2.801 3.451 3.249 2.936 2.741 2.941 3.965 3.135 1.983 2.160 3.758 5.540 4.928 4.046 3.851 3.824 3.759 4.092 5.779 5.374 5.045 4.061 3.750 4.325 6.025 7.124 3.081 3.088 8.897 6.107 4.687 5.739 10.00 11.00 9.123 4.741 2.961 2.177 2.021 2.466 3.704 5.440 6.232 6.538 5.595 6.742 9.318 6.580 3.727 2.456 2.191 2.770 5.782 3.210 1.729 1.594
10.00 6.545 3.751 2.408 1.823 1.792 2.673 10.00 3.813 2.591 2.783 3.518 3.230 1.764 1.656 3.977 2.691 2.527 2.675 3.071 3.569 3.315 2.894 2.651 2.471 2.422 3.069 5.302 9.496 7.489 5.218 4.717 5.452 5.644 4.981 5.223 5.544 5.998 4.760 4.998 5.771 5.704 10.00 3.730 2.993 6.865 11.00 5.726 4.391 6.981 11.00 7.537 3.430 2.640 2.458 2.416 2.981 4.040 3.518 3.089 3.032 3.022 2.891 2.598 2.517 2.780 3.063 2.495 2.503 4.057 8.154 2.564 1.983 2.660 8.241 4.709
2.928 7.061 5.138 1.996 1.628 1.897 2.590 3.528 2.964 1.654 1.364 7.647 3.500 2.728 2.321 2.272 2.459 2.860 3.168 2.764 2.356 2.605 6.039 8.423 3.899 3.606 3.918 4.263 5.327 5.770 5.017 4.785 5.854 7.656 6.768 7.368 7.640 5.330 6.838 5.716 3.259 5.825 9.113 5.187 5.900 10.00 4.425 3.456 3.693 4.176 3.199 2.317 2.241 2.362 2.283 2.187 2.042 1.921 2.100 2.395 2.657 3.155 4.182 3.394 2.578 3.151 10.00 3.320 1.995 2.012 3.184 5.867 3.953 6.525 5.224 3.317
2.017 2.845 3.779 5.856 3.948 2.027 1.499 2.220 10.00 3.701 2.989 2.659 2.249 1.851 1.625 1.553 1.546 1.574 1.971 3.082 4.693 4.276 4.142 3.853 3.123 3.077 3.424 3.570 4.091 5.560 8.591 8.734 10.00 11.00 6.135 3.804 4.195 4.189 6.950 10.00 5.668 4.137 3.569 3.289 4.684 10.00 4.289 2.496 2.069 2.099 2.285 2.488 3.069 4.944 6.514 8.636 10.00 7.946 10.00 10.00 4.258 2.526 2.535 5.315 6.418 2.341 1.842 2.013 3.907 5.286 2.643 2.922 4.699 4.961 4.435 1.820
3.411 3.351 2.947 3.232 3.240 2.533 1.834 1.855 4.191 8.528 3.878 3.956 3.156 2.275 1.738 1.498 1.501 1.752 2.258 1.917 2.468 5.963 5.735 3.124 2.268 1.897 1.812 1.894 2.357 3.404 4.930 4.904 5.193 5.743 8.087 7.830 4.203 3.652 4.494 5.286 4.565 4.393 4.374 4.831 10.00 6.001 3.362 2.570 2.298 2.244 2.327 2.598 3.525 5.575 4.430 3.518 3.115 2.680 2.404 2.198 1.996 1.709 1.701 2.321 4.891 3.486 2.391 2.014 2.177 4.085 2.294 1.611 1.875 2.473 5.101 4.203
4.606 2.576 2.542 2.712 1.983 1.346 1.032 1.197 3.059 9.216 6.392 5.599 4.698 3.834 3.209 3.174 4.310 2.700 1.751 2.169 3.157 3.924 3.866 3.735 2.727 1.982 1.654 1.533 1.783 2.327 2.749 3.286 3.460 3.657 5.042 5.992 4.397 4.377 5.917 7.820 9.570 9.216 10.00 8.149 4.581 3.667 2.881 2.420 2.208 2.158 2.288 2.774 3.140 2.569 2.244 2.096 1.945 1.851 1.803 1.728 1.530 1.488 1.804 2.896 3.189 2.704 2.385 1.925 2.142 2.832 1.614 1.242 1.418 2.046 3.733 2.696
3.568 3.522 2.975 1.982 1.500 1.094 0.9347 1.150 2.814 11.00 8.765 8.343 6.491 5.687 5.865 3.202 1.964 1.736 2.453 4.529 5.450 4.734 5.104 6.412 8.669 10.00 3.846 2.903 2.631 2.939 3.746 3.320 3.508 3.636 3.511 4.158 8.141 7.400 5.391 6.327 10.00 10.00 8.477 4.130 3.288 2.506 2.011 1.833 1.811 1.858 2.067 2.290 2.059 1.853 1.713 1.614 1.670 1.901 2.070 1.809 1.649 1.766 2.467 3.226 2.868 2.557 1.961 1.802 2.918 2.418 1.383 1.090 1.189 1.527 1.964 2.420
6.784 3.566 2.733 2.486 1.800 1.203 1.068 1.495 3.827 9.633 6.874 5.936 6.938 6.365 2.798 1.807 1.513 1.526 1.628 1.737 1.914 2.264 2.504 2.679 2.452 2.637 3.905 8.059 11.00 5.631 2.895 3.361 3.321 3.019 2.772 3.051 6.685 9.329 4.981 6.189 8.475 7.282 4.242 3.440 2.773 2.126 1.806 1.667 1.584 1.625 1.829 1.905 1.789 1.668 1.554 1.594 1.870 2.001 1.853 1.748 1.689 1.980 3.283 5.496 3.722 2.116 1.685 2.421 4.201 1.885 1.186 1.102 1.142 1.350 1.901 3.433
4.394 5.839 2.993 1.951 1.380 1.255 2.781 11.00 11.00 10.00 8.940 11.00 4.497 2.301 1.674 1.547 1.664 1.830 1.882 2.046 2.524 4.239 4.130 2.920 2.151 2.005 2.279 4.143 4.704 4.787 3.905 3.543 2.929 2.169 2.342 4.595 11.00 7.452 4.993 5.100 4.606 4.279 4.259 3.523 2.890 2.294 1.827 1.599 1.611 1.747 1.825 1.945 1.983 1.895 1.860 1.797 1.774 1.737 1.673 1.750 2.406 6.670 7.023 2.180 1.480 1.742 3.341 3.165 1.659 1.217 1.159 1.215 1.588 3.019 6.346 1.792
1.661 1.488 1.403 1.401 1.701 3.511 10.00 3.101 2.534 2.837 3.028 2.720 2.169 2.216 3.203 3.967 3.012 3.152 2.964 2.147 2.162 4.107 10.00 6.585 4.798 3.792 2.556 2.137 2.330 2.504 3.569 7.197 10.00 8.689 4.857 4.094 4.491 5.499 5.456 3.732 2.431 1.942 1.882 2.078 2.590 3.311 3.247 2.318 2.073 2.179 2.253 2.327 2.305 2.381 3.244 6.922 3.197 1.648 1.501 2.058 3.593 2.697 1.669 1.441 1.429 1.410 1.705 2.988 5.660 2.140 1.198 1.053 1.351 1.560 1.119 0.8601
3.580 7.747 3.935 4.333 4.502 4.345 2.940 2.492 2.464 2.821 2.937 3.600 3.422 2.621 2.342 3.169 6.398 11.00 10.00 8.535 4.588 3.218 2.458 1.987 1.805 1.995 2.864 7.475 7.341 3.900 4.288 5.888 8.476 8.161 4.969 3.454 3.042 3.496 4.684 7.958 6.050 2.874 2.501 2.632 2.556 2.656 3.002 3.633 4.522 3.935 3.937 2.495 1.602 1.588 2.177 3.632 3.452 2.210 1.692 1.259 1.186 1.527 2.314 4.920 2.896 1.752 2.098 4.211 3.487 1.729 1.142 0.8912 0.7461 0.7549 0.8875 1.036
11.00 4.612 4.275 3.702 3.730 3.469 3.055 2.758 2.252 1.753 1.715 2.099 2.591 2.470 2.935 4.372 5.922 6.714 6.866 10.00 6.081 4.419 4.206 3.312 2.821 2.608 3.338 10.00 5.100 4.499 5.515 5.824 5.348 4.504 4.727 6.270 10.00 11.00 10.00 3.965 2.443 2.047 1.942 1.934 2.117 2.535 4.167 11.00 3.825 3.068 4.446 2.439 1.583 1.624 1.919 2.694 4.743 2.481 1.541 1.156 1.148 1.446 1.987 3.345 2.208 1.842 2.239 2.659 4.267 3.178 1.411 0.8809 0.7554 0.8067 0.9102 0.9116
2.858 2.729 2.722 2.432 2.018 2.408 3.152 2.953 2.909 3.359 3.782 3.625 3.199 4.009 6.710 10.00 10.00 5.351 3.865 4.501 5.035 3.766 6.315 10.00 5.449 5.510 4.683 4.336 5.383 10.00 8.785 5.594 4.109 3.043 2.672 2.255 1.909 1.862 1.973 2.213 2.765 4.781 3.493 2.797 3.019 3.170 5.848 2.522 1.735 1.525 1.529 2.108 4.890 3.005 1.716 1.355 1.258 1.523 2.294 2.615 1.589 1.645 2.063 2.121 3.085 3.895 1.705 0.9877 0.8544 0.8044 0.7935 0.8856 0.9027 0.8417 0.9217 0.9428
2.556 3.097 4.003 3.609 8.329 3.908 2.930 2.986 3.080 3.021 3.177 3.647 4.059 3.829 6.081 10.00 3.701 3.039 4.258 6.679 6.349 5.733 11.00 6.408 6.406 6.844 6.276 9.872 6.679 4.110 3.612 3.105 2.624 2.362 2.168 1.995 2.036 2.356 3.088 5.195 10.00 2.569 2.059 3.345 3.176 3.331 5.089 3.880 2.131 1.530 1.411 1.909 5.211 4.086 2.034 1.592 1.518 1.777 2.740 1.757 1.494 2.162 2.185 1.923 3.012 8.816 1.978 1.137 0.9067 0.8427 0.8300 0.7613 0.6562 0.7443 0.7878 0.8356
3.282 4.597 4.811 10.00 4.731 3.670 3.888 3.393 3.029 3.200 3.648 3.540 3.092 4.384 7.250 3.227 3.044 4.916 7.382 7.117 6.376 9.454 8.934 5.777 6.163 8.279 5.862 3.339 3.189 3.307 3.162 2.804 2.271 1.959 2.116 2.711 3.488 3.626 3.346 3.258 2.422 2.098 3.274 5.169 3.256 3.071 4.105 4.310 2.416 1.595 1.548 2.494 6.264 3.873 2.188 1.748 1.608 1.940 2.284 1.644 1.774 3.291 2.458 2.200 3.420 10.00 3.085 1.996 1.585 1.107 0.8346 0.6432 0.6302 0.7270 0.8009 0.8902
3.997 5.173 10.00 5.087 4.944 7.885 9.475 6.933 5.357 4.514 3.379 2.735 3.080 3.809 4.185 3.952 5.089 8.528 11.00 10.00 6.539 10.00 5.910 7.927 3.339 2.573 3.162 4.015 3.931 3.240 2.905 3.282 4.128 5.139 6.955 6.043 3.796 3.182 3.002 2.960 3.518 5.518 5.285 4.712 6.178 6.635 3.557 2.036 1.564 1.783 2.726 9.177 4.553 2.163 1.595 1.486 1.761 2.154 1.834 2.502 4.264 2.158 1.902 2.676 4.924 5.467 10.00 4.377 1.831 1.067 0.8834 0.8945 0.9483 0.9858 1.129 1.404
10.00 7.059 5.823 7.169 5.827 4.972 5.607 6.352 5.421 5.297 9.261 11.00 4.786 3.245 2.784 2.785 4.515 7.102 4.557 6.695 11.00 10.00 6.076 4.939 4.064 2.770 2.912 4.011 5.345 5.231 3.800 2.688 2.302 2.629 3.936 6.372 5.285 3.356 2.669 2.814 3.565 3.908 4.062 9.503 10.00 10.00 7.548 5.610 3.226 1.849 1.499 1.546 2.126 4.249 2.903 1.776 1.401 1.250 1.696 2.335 2.201 3.512 2.966 1.731 1.762 2.482 2.919 2.907 3.890 10.00 3.858 1.940 1.497 1.410 1.372 1.514
5.040 3.508 3.138 3.230 3.088 5.774 10.00 4.117 3.371 3.318 3.518 4.793 4.205 5.162 7.209 5.351 4.819 5.701 4.684 3.359 3.524 4.389 4.692 4.554 3.971 2.913 2.295 2.055 2.147 2.922 -9999. 3.556 2.955 2.597 2.542 2.480 2.457 2.698 3.908 9.427 10.00 5.740 4.248 5.353 10.00 3.978 2.193 1.631 1.515 1.862 3.316 4.618 2.907 2.037 1.730 2.053 2.438 3.423 6.317 2.195 1.515 1.575 1.760 1.975 2.298 3.488 3.907 2.505 1.774 1.670 1.789 1.869 1.673 1.515 1.587 1.824
3.710 11.00 4.179 3.431 6.380 6.131 -9999. 5.820 5.412 3.975 3.159 2.586 2.712 3.311 4.139 6.996 11.00 7.370 4.086 4.261 6.937 7.700 4.372 3.368 3.057 3.102 3.019 2.301 2.184 3.035 -9999. -9999. 4.186 3.254 3.444 5.249 6.906 4.871 3.771 4.233 6.188 9.292 6.282 5.192 6.166 9.224 11.00 4.267 2.072 1.457 1.409 1.584 1.845 2.383 4.306 5.162 2.718 2.751 3.515 4.310 2.950 1.718 1.495 1.670 1.955 2.223 3.276 3.486 2.688 1.931 1.850 2.364 2.455 1.794 1.479 1.525
2.829 2.520 2.631 3.485 4.181 2.822 4.089 8.137 6.849 6.143 4.363 3.120 2.663 3.080 4.093 5.203 9.771 7.613 4.868 4.491 7.275 11.00 6.725 4.724 4.208 4.773 5.778 4.091 2.769 2.386 -9999. 3.189 10.00 5.696 7.819 10.00 11.00 5.783 5.127 10.00 7.994 10.00 9.863 6.884 9.423 5.721 7.733 10.00 3.026 1.601 1.153 1.065 1.127 1.379 1.745 2.927 7.440 8.521 6.090 5.192 4.673 2.718 1.883 1.758 1.846 2.315 3.415 3.427 3.557 2.460 2.149 2.773 2.727 2.168 1.824 1.634
7.236 9.384 10.00 9.032 8.349 10.00 11.00 5.603 4.447 5.332 6.044 7.168 8.919 5.538 5.695 8.043 8.124 6.505 5.503 4.538 3.541 2.905 3.371 10.00 6.844 6.565 6.469 3.867 3.531 4.248 9.042 8.551 8.452 10.00 4.594 5.232 4.708 4.148 8.981 6.273 2.554 1.553 1.122 1.037 1.079 1.350 1.748 2.287 2.589 2.292 2.026 2.241 4.494 7.237 1.966 1.470 1.708 2.433 3.376 4.936 3.826 2.690 2.614 2.357 2.328 2.395 2.125 1.870 1.617 1.577 1.440 1.149 1.353 1.599 1.539 1.409
3.351 5.225 10.00 4.858 3.672 3.841 3.819 3.900 5.621 -9999. 5.541 4.486 4.779 5.585 4.752 3.755 3.550 4.260 8.342 7.532 5.749 6.581 5.424 3.983 4.175 5.783 6.341 5.481 4.805 3.580 6.055 7.148 3.571 4.651 6.459 4.646 3.215 2.012 1.172 0.9893 1.101 1.364 1.599 1.778 1.679 1.495 1.359 1.470 2.464 8.228 1.718 1.439 1.852 2.640 3.575 5.488 4.989 3.078 2.315 2.349 2.975 3.440 2.810 2.275 2.187 1.626 1.087 1.100 1.386 1.492 1.538 1.578 1.603 1.630 1.636 1.680
2.787 2.717 2.698 2.771 3.533 10.00 6.674 3.557 3.687 5.518 -9999. 6.414 4.209 3.875 4.744 6.500 5.425 3.978 3.804 4.394 5.376 5.299 6.715 8.443 5.863 6.030 9.609 11.00 6.968 3.678 3.492 7.263 8.236 3.137 2.883 3.659 4.654 4.940 5.251 4.547 1.894 1.211 1.437 1.745 2.241 4.659 10.00 7.451 3.075 1.958 1.901 3.445 5.155 1.944 1.953 2.291 2.725 3.817 6.672 4.896 2.684 2.424 3.472 6.913 7.275 4.786 4.440 2.209 1.164 1.033 1.158 1.415 1.637 1.906 2.164 2.299
3.536 4.712 4.833 4.051 3.437 3.322 3.345 3.183 3.635 6.198 6.779 5.832 7.377 5.904 5.055 4.470 4.533 5.117 4.345 3.323 3.207 4.080 5.022 4.136 3.885 4.395 6.587 8.640 8.470 8.769 5.087 4.300 5.208 6.124 3.489 2.890 3.071 3.592 4.337 5.086 5.806 5.133 2.246 1.523 1.587 1.874 2.141 3.125 3.826 3.675 2.950 2.283 2.374 2.587 7.118 3.120 2.230 2.334 2.617 3.107 4.027 6.352 3.730 2.566 3.246 8.028 10.00 5.316 7.509 3.465 1.433 1.035 1.108 1.390 1.660 1.993
10.00 6.424 5.073 4.340 3.443 2.768 2.945 8.889 5.818 4.741 6.155 6.941 5.046 4.800 7.319 8.335 5.303 4.417 6.304 10.00 5.260 4.166 3.447 3.167 3.468 4.366 4.973 3.773 7.860 5.027 3.362 3.352 3.628 3.943 4.496 6.408 10.00 11.00 7.033 2.473 1.606 1.382 1.376 1.658 2.891 4.208 3.079 2.471 2.443 2.852 2.823 4.022 5.651 2.877 2.563 2.528 2.600 3.110 5.188 7.850 3.125 2.920 6.461 11.00 6.022 7.181 5.331 1.819 1.120 1.086 1.246 1.549 1.651 1.633 1.644 1.558
5.355 5.447 3.428 3.905 4.656 4.035 3.544 4.329 4.103 3.500 4.343 10.00 10.00 5.732 -9999. -9999. 5.632 5.836 4.351 3.467 3.409 4.028 4.737 10.00 4.161 2.999 3.246 3.317 4.020 8.447 10.00 3.888 3.157 4.781 5.394 2.059 1.350 1.030 1.139 2.161 5.124 5.810 4.513 4.419 4.825 4.107 3.512 6.124 10.00 3.752 2.800 2.401 2.478 3.502 7.125 3.983 3.037 5.096 10.00 4.825 3.947 4.181 2.252 1.225 1.078 1.193 1.412 1.241 1.204 1.486 1.641 1.777 3.075 4.347 1.258 1.041
10.00 3.761 3.199 3.641 3.282 2.925 3.110 3.481 3.626 4.275 6.015 6.463 5.182 5.519 7.115 -9999. -9999. -9999. 8.476 10.00 8.175 6.775 8.296 11.00 4.470 2.870 2.987 3.107 3.713 4.969 3.369 2.696 2.843 3.198 10.00 3.684 1.660 1.056 0.9089 1.063 1.625 2.310 2.611 2.408 2.144 2.013 1.931 2.063 3.450 11.00 5.960 3.165 2.168 2.207 3.698 5.807 3.753 3.819 5.792 4.625 3.897 6.104 3.233 1.350 1.048 1.135 1.178 1.096 1.159 1.542 1.738 1.918 3.363 2.592 1.212 1.074
