B/P-1/test_case/TRfs_min_kerala_2.asc
ncols         735
nrows         742
xllcorner     697287.30791772006
yllcorner     1083832.4022503800
cellsize      30
NODATA_value  -9999.
[rows 578 to 611 of 742, columns 152 to 227 of 735]
1.582 1.636 1.821 1.691 1.196 0.9498 0.9214 1.135 1.528 1.600 1.674 1.763 1.853 1.971 2.276 2.905 7.626 2.392 0.9217 0.9005 2.105 10.00 11.00 11.00 11.00 11.00 11.00 11.00 11.00 11.00 11.00 11.00 11.00 11.00 11.00 11.00 11.00 11.00 11.00 11.00 11.00 11.00 11.00 11.00 11.00 11.00 11.00 11.00 11.00 11.00 11.00 11.00 11.00 11.00 11.00 11.00 11.00 11.00 11.00 11.00 11.00 10.00 1.859 0.5674 0.3007 0.2611 11.00 0.2483 0.2601 0.2692 0.2779 0.2987 0.3340 0.3753 0.5145 0.7095
1.079 0.9397 1.026 1.190 1.260 1.294 1.312 1.480 1.695 2.326 4.558 11.00 3.406 1.202 0.9248 1.560 6.504 11.00 11.00 11.00 11.00 11.00 11.00 11.00 11.00 11.00 11.00 11.00 11.00 11.00 11.00 11.00 11.00 11.00 11.00 11.00 11.00 11.00 11.00 11.00 11.00 11.00 11.00 11.00 11.00 11.00 11.00 11.00 11.00 11.00 11.00 11.00 11.00 11.00 11.00 11.00 11.00 10.00 2.674 1.088 0.3749 0.2918 0.2841 0.2989 0.3117 0.3118 0.3099 0.3192 0.3387 0.3699 0.5671 0.7280 0.9066 1.028 1.158 1.331
1.117 1.216 1.458 1.612 1.759 2.091 2.834 4.183 3.107 1.559 1.034 1.248 3.873 11.00 11.00 11.00 11.00 11.00 11.00 11.00 11.00 11.00 11.00 11.00 11.00 11.00 11.00 11.00 11.00 11.00 11.00 11.00 11.00 11.00 11.00 11.00 11.00 11.00 11.00 11.00 11.00 11.00 11.00 11.00 11.00 11.00 11.00 11.00 11.00 11.00 11.00 11.00 11.00 11.00 10.00 1.136 0.3570 0.3077 0.3070 0.3179 0.3326 0.3334 0.3251 0.3231 0.3254 0.3288 0.3610 0.5773 0.7623 0.9477 1.053 1.161 1.290 1.610 1.940 2.108
1.137 1.261 1.586 1.780 2.045 2.478 2.774 2.864 2.272 1.621 1.126 1.141 2.917 11.00 11.00 11.00 11.00 11.00 11.00 11.00 11.00 11.00 11.00 11.00 11.00 11.00 -9999. 11.00 11.00 11.00 11.00 11.00 11.00 11.00 11.00 11.00 11.00 11.00 11.00 11.00 11.00 11.00 11.00 11.00 11.00 11.00 11.00 11.00 11.00 11.00 11.00 11.00 11.00 11.00 11.00 3.069 0.4968 0.2761 0.2887 0.3100 0.3091 0.3108 0.3111 0.3140 0.3244 0.3384 0.3398 0.3529 0.5051 0.7345 0.8950 0.9474 1.018 1.132 1.274 1.532
1.273 1.345 1.266 1.221 1.276 1.560 2.096 3.056 3.545 2.922 2.007 1.535 1.113 1.131 2.902 11.00 11.00 11.00 11.00 11.00 11.00 11.00 11.00 11.00 11.00 11.00 -9999. 11.00 11.00 11.00 11.00 11.00 11.00 11.00 11.00 11.00 11.00 11.00 11.00 11.00 11.00 11.00 11.00 11.00 11.00 11.00 11.00 11.00 11.00 11.00 11.00 11.00 11.00 11.00 11.00 11.00 10.00 1.268 0.3042 0.2535 0.3072 0.3661 0.3413 0.3194 0.3135 0.3209 0.3359 0.3659 0.3771 0.3638 0.4304 0.5997 0.7132 0.7411 0.8006 0.9747
1.050 1.125 1.107 1.064 1.072 1.244 1.760 2.316 2.991 2.499 1.596 1.074 0.9422 1.271 4.268 11.00 11.00 11.00 11.00 11.00 11.00 11.00 11.00 11.00 11.00 11.00 11.00 11.00 11.00 11.00 11.00 11.00 11.00 11.00 11.00 11.00 11.00 11.00 11.00 11.00 11.00 11.00 11.00 11.00 11.00 11.00 11.00 11.00 11.00 11.00 11.00 11.00 11.00 11.00 11.00 3.925 0.7166 0.2791 0.2692 0.4226 1.085 1.191 0.8785 0.6196 0.5112 0.4264 0.4347 0.4841 0.3667 0.3551 0.4225 0.4933 0.5138 0.6076 0.7569 0.8898
1.039 1.119 1.239 1.554 1.688 1.686 1.852 1.485 0.9511 0.7406 0.9697 2.253 10.00 11.00 11.00 11.00 11.00 11.00 11.00 11.00 11.00 11.00 11.00 11.00 11.00 11.00 11.00 11.00 11.00 11.00 11.00 11.00 11.00 11.00 11.00 11.00 11.00 11.00 11.00 11.00 11.00 11.00 11.00 11.00 11.00 11.00 11.00 11.00 11.00 11.00 11.00 11.00 11.00 2.086 0.5147 0.3059 0.3136 0.4374 0.7806 1.115 1.528 1.961 1.989 0.8994 0.5818 0.5036 0.4241 0.3526 0.3513 0.3620 0.3744 0.4374 0.5925 0.7246 0.7697 0.8956
1.861 1.501 1.123 1.042 0.8835 0.6906 0.8000 1.878 9.180 11.00 11.00 11.00 11.00 11.00 11.00 11.00 11.00 11.00 11.00 11.00 11.00 11.00 11.00 11.00 11.00 11.00 11.00 11.00 11.00 11.00 11.00 11.00 11.00 11.00 11.00 11.00 11.00 11.00 11.00 11.00 11.00 11.00 11.00 11.00 11.00 11.00 11.00 11.00 11.00 11.00 1.908 0.6152 0.3510 0.3165 0.3257 0.3684 0.4900 0.5824 0.7133 1.157 3.484 1.072 0.7010 0.5689 0.4331 0.3722 0.3684 0.3693 0.3741 0.4898 0.5899 0.7010 0.7907 0.9681 1.024 0.9889
0.7866 0.7838 0.7335 0.7860 1.696 8.486 11.00 11.00 11.00 11.00 11.00 11.00 11.00 11.00 11.00 11.00 11.00 11.00 11.00 11.00 11.00 11.00 11.00 11.00 11.00 11.00 11.00 11.00 11.00 11.00 11.00 11.00 11.00 11.00 11.00 11.00 11.00 11.00 11.00 11.00 11.00 11.00 11.00 11.00 11.00 11.00 11.00 11.00 2.619 0.9356 0.4312 0.3068 0.2853 0.2996 0.3235 0.3518 0.3748 0.4873 0.7890 2.412 3.288 1.115 0.7132 0.5139 0.4377 0.4186 0.3692 0.4218 0.4957 0.5967 0.7341 0.9008 0.9564 0.9377 0.9782 1.077
1.176 4.675 11.00 11.00 11.00 11.00 11.00 11.00 11.00 11.00 11.00 11.00 11.00 11.00 11.00 11.00 11.00 11.00 11.00 11.00 11.00 11.00 11.00 11.00 11.00 11.00 11.00 11.00 11.00 11.00 11.00 11.00 11.00 11.00 11.00 11.00 11.00 11.00 11.00 11.00 11.00 11.00 11.00 11.00 11.00 6.397 2.095 1.016 0.5092 0.3290 0.3026 0.3005 0.3136 0.3284 0.3267 0.3381 0.4389 0.8775 2.322 2.366 1.023 0.7043 0.5007 0.3768 0.3772 0.4875 0.5810 0.6869 0.7489 0.7993 0.8943 0.9671 1.059 1.085 1.108 1.233
11.00 11.00 11.00 11.00 11.00 11.00 11.00 11.00 11.00 11.00 11.00 11.00 11.00 11.00 11.00 11.00 11.00 11.00 11.00 11.00 11.00 11.00 11.00 11.00 11.00 11.00 11.00 11.00 11.00 11.00 11.00 11.00 11.00 11.00 11.00 11.00 11.00 11.00 11.00 11.00 10.00 3.618 1.577 0.7868 0.4352 0.3319 0.3195 0.3255 0.3249 0.3237 0.3385 0.3688 0.5743 0.9983 2.448 2.849 1.072 0.6227 0.5062 0.5098 0.5841 0.6135 0.6777 0.6894 0.7239 0.8777 1.014 1.092 1.166 1.460 1.677 1.694 1.474 1.178 1.087 0.9903
11.00 11.00 11.00 11.00 11.00 11.00 11.00 11.00 11.00 11.00 11.00 11.00 11.00 11.00 11.00 11.00 11.00 11.00 11.00 11.00 11.00 11.00 11.00 11.00 11.00 11.00 11.00 11.00 11.00 11.00 11.00 11.00 11.00 11.00 11.00 11.00 11.00 5.913 2.353 1.040 0.5735 0.4208 0.3780 0.3774 -9999. 0.3767 0.4246 0.4274 0.4258 0.5062 0.7250 1.138 3.707 2.412 0.9818 0.6924 0.6143 0.6857 0.6262 0.6003 0.6058 0.7362 0.9740 1.149 1.247 1.529 1.792 1.941 1.802 1.523 1.300 1.169 1.026 1.005 1.062 1.036
11.00 11.00 11.00 11.00 11.00 11.00 11.00 11.00 11.00 11.00 11.00 11.00 11.00 11.00 11.00 11.00 11.00 11.00 11.00 11.00 11.00 11.00 11.00 11.00 11.00 11.00 11.00 11.00 11.00 11.00 11.00 11.00 11.00 11.00 11.00 11.00 -9999. 11.00 11.00 10.00 2.418 0.9945 0.7154 0.6885 0.6173 0.6044 0.6105 0.5823 0.4929 0.4902 0.5110 0.5969 0.8020 1.716 10.00 1.263 0.8039 0.7612 0.7326 0.6155 0.5849 0.6842 0.8869 1.072 1.213 1.457 1.669 1.799 1.739 1.581 1.532 1.527 1.273 1.197 1.230 1.162
11.00 11.00 11.00 11.00 11.00 11.00 11.00 11.00 11.00 11.00 11.00 11.00 11.00 11.00 11.00 11.00 11.00 11.00 11.00 11.00 11.00 11.00 11.00 11.00 11.00 11.00 11.00 11.00 11.00 11.00 11.00 11.00 11.00 11.00 11.00 11.00 11.00 11.00 11.00 11.00 11.00 5.231 1.535 0.9506 0.7858 0.7226 0.6925 0.7195 0.6995 0.5738 0.5025 0.5074 0.5099 0.5901 0.7723 1.294 9.886 1.858 1.060 0.9159 0.7338 0.5937 0.6056 0.7381 0.9140 1.068 1.247 1.522 1.604 1.617 1.614 1.633 1.684 1.576 1.495 1.501
11.00 11.00 11.00 11.00 11.00 11.00 11.00 11.00 11.00 11.00 11.00 11.00 11.00 11.00 11.00 11.00 11.00 11.00 11.00 11.00 11.00 11.00 11.00 11.00 11.00 11.00 11.00 11.00 11.00 11.00 11.00 11.00 11.00 11.00 11.00 11.00 11.00 11.00 9.011 2.252 1.161 0.8829 0.7085 0.6205 0.7042 0.7442 0.7050 0.6097 0.5954 0.5769 0.5822 0.6788 0.7680 1.162 4.093 2.548 1.210 0.8911 0.6857 0.6208 0.6953 0.7440 0.9257 1.091 1.224 1.320 1.519 1.608 1.662 1.692 1.617 1.555 1.542 1.469 1.216 1.048
11.00 11.00 11.00 11.00 11.00 11.00 11.00 11.00 11.00 11.00 11.00 11.00 11.00 11.00 11.00 11.00 11.00 11.00 11.00 11.00 11.00 11.00 11.00 11.00 11.00 11.00 11.00 11.00 11.00 11.00 11.00 11.00 11.00 4.042 1.790 1.044 0.7537 0.6911 0.6950 0.7218 0.7447 0.7436 0.7243 0.6874 0.6123 0.6122 0.6866 0.7602 1.108 3.017 2.402 1.021 0.7373 0.7114 0.6877 0.6268 0.7426 0.8899 0.9445 1.050 1.211 1.345 1.521 1.547 1.480 1.452 1.572 1.675 1.572 1.260 1.073 0.9871 0.9622 0.9070 0.9419 1.071
10.00 11.00 11.00 11.00 11.00 11.00 11.00 11.00 11.00 11.00 11.00 11.00 11.00 11.00 11.00 11.00 11.00 11.00 11.00 11.00 11.00 11.00 11.00 -9999. -9999. 11.00 11.00 11.00 11.00 11.00 11.00 11.00 11.00 10.00 3.766 1.705 0.9879 0.7627 0.7228 0.6855 0.6256 0.7033 0.7220 0.7150 0.6897 0.6090 0.5988 0.6024 0.6983 1.076 4.930 1.942 0.9607 0.7729 0.7053 0.6028 0.6791 0.7223 0.7425 0.8851 1.047 1.149 1.148 1.145 1.177 1.275 1.623 1.902 1.893 1.711 1.488 1.250 1.094 0.9423 0.8145 0.7936
1.175 1.859 4.813 11.00 11.00 11.00 11.00 11.00 11.00 11.00 11.00 11.00 11.00 11.00 11.00 11.00 11.00 11.00 11.00 11.00 11.00 11.00 11.00 11.00 11.00 11.00 11.00 11.00 11.00 11.00 11.00 11.00 11.00 10.00 3.373 1.504 0.9582 0.7827 0.7065 0.5991 0.5966 0.6178 0.6940 0.6981 0.6155 0.5863 0.4946 0.4230 0.5658 0.9393 2.571 2.873 1.161 0.8031 0.6864 0.6913 0.7270 0.7253 0.7457 0.9120 1.034 1.069 1.079 1.130 1.203 1.342 1.639 1.711 1.739 1.748 1.571 1.328 1.212 1.013 0.8855 0.8056
11.00 11.00 11.00 11.00 11.00 11.00 11.00 11.00 11.00 11.00 11.00 11.00 11.00 11.00 11.00 11.00 11.00 11.00 11.00 11.00 11.00 11.00 11.00 11.00 11.00 11.00 10.00 3.223 1.572 1.047 0.8029 0.7016 0.6048 0.5901 0.6098 0.6204 0.5986 0.5948 0.5047 0.3629 0.3556 0.4300 0.7095 1.653 8.434 1.527 0.9116 0.7681 0.7702 0.7380 -9999. 0.7027 0.7472 0.9528 1.107 1.161 1.145 1.118 1.157 1.279 1.453 1.563 1.638 1.461 1.526 1.703 1.508 1.117 0.9220 0.8064 0.8019 0.9110 1.001 1.110 1.326 1.747
11.00 11.00 11.00 11.00 11.00 11.00 11.00 11.00 11.00 11.00 11.00 11.00 11.00 11.00 11.00 11.00 11.00 11.00 11.00 11.00 11.00 11.00 11.00 11.00 11.00 11.00 11.00 4.522 1.971 1.130 0.8962 0.7312 0.6078 0.5840 0.5776 0.5651 0.5884 0.5968 0.4912 0.3735 0.3639 0.3777 0.5967 1.144 7.195 1.895 1.013 0.8004 -9999. -9999. -9999. 0.7532 0.7143 0.7133 0.7828 0.9669 1.043 1.024 0.9898 1.017 1.109 1.213 1.523 1.588 1.352 1.536 1.760 1.849 1.598 1.094 0.8942 0.7816 0.8038 0.9328 1.069 1.478
11.00 11.00 11.00 11.00 11.00 11.00 11.00 11.00 11.00 11.00 11.00 11.00 11.00 11.00 11.00 11.00 11.00 11.00 11.00 11.00 11.00 11.00 11.00 11.00 11.00 11.00 11.00 11.00 11.00 5.409 2.007 1.179 0.9317 0.7343 0.6118 0.5727 0.4991 0.5008 0.5125 0.4910 0.4237 0.3667 0.3550 0.3690 -9999. -9999. -9999. -9999. -9999. -9999. -9999. 0.5757 1.015 2.908 1.978 1.066 0.8813 0.7387 0.7050 0.6988 0.7407 0.8768 0.9076 0.8973 0.9099 0.9738 1.099 1.296 1.490 1.626 1.764 1.764 1.891 1.961 1.575 1.097
0.7357 1.023 2.247 10.00 11.00 11.00 11.00 11.00 11.00 11.00 11.00 11.00 11.00 11.00 11.00 11.00 11.00 11.00 11.00 11.00 11.00 11.00 11.00 11.00 11.00 11.00 11.00 11.00 11.00 11.00 11.00 11.00 11.00 11.00 11.00 5.303 2.296 1.321 0.9857 0.7800 0.6986 0.5839 0.5065 0.4924 0.4370 0.4244 0.3726 0.3570 0.3584 0.4287 0.5835 0.9062 1.612 2.231 1.333 0.8845 0.7045 0.6257 0.6900 0.7466 0.7783 0.7690 0.7738 0.9164 1.057 1.090 1.144 1.523 1.876 1.841 1.813 1.922 1.862 1.533 1.180 1.108
5.029 6.578 4.236 4.153 6.070 10.00 11.00 11.00 11.00 11.00 11.00 11.00 11.00 11.00 11.00 11.00 11.00 11.00 11.00 11.00 11.00 11.00 11.00 11.00 11.00 11.00 11.00 11.00 11.00 11.00 11.00 11.00 11.00 9.495 3.611 1.879 1.197 0.9562 0.7772 0.7186 0.6201 0.5853 0.5046 0.4247 0.3535 0.3473 0.3666 0.4225 0.5120 0.7319 1.153 2.956 1.779 0.9616 0.7581 0.7197 0.7258 0.7265 0.7243 0.7453 0.8852 0.9743 0.9624 0.9631 1.116 1.580 1.792 1.777 1.768 1.850 1.783 1.352 1.206 1.200 1.193 1.175
1.543 3.081 10.00 11.00 11.00 11.00 11.00 11.00 11.00 11.00 11.00 11.00 11.00 11.00 11.00 11.00 11.00 11.00 11.00 11.00 11.00 11.00 11.00 11.00 11.00 11.00 11.00 11.00 11.00 11.00 6.338 2.537 1.343 1.012 0.9250 0.7800 0.6861 0.5782 0.4368 0.3490 0.3294 0.3321 0.3344 0.3503 0.4291 0.6035 0.9204 2.005 4.171 1.297 0.9158 0.7659 0.7492 0.7517 0.7646 0.7844 0.7908 0.8098 0.8806 0.9481 1.173 1.496 1.657 1.725 1.858 1.903 1.534 1.175 1.146 1.212 1.296 1.336 1.489 1.732 1.883 1.841
10.00 11.00 11.00 11.00 11.00 11.00 11.00 11.00 11.00 11.00 11.00 11.00 11.00 11.00 11.00 11.00 11.00 11.00 11.00 11.00 11.00 11.00 11.00 11.00 11.00 11.00 11.00 9.413 3.145 1.646 1.162 0.9764 0.7546 0.6183 0.5146 0.3679 0.3318 0.3139 0.3028 0.3088 0.3350 0.3726 0.4904 0.6952 1.245 5.029 2.079 1.226 1.071 0.9737 0.9032 0.7876 0.7499 0.7648 0.7822 0.8125 0.9902 1.141 1.341 1.667 1.835 1.861 1.616 1.250 1.176 1.227 1.314 1.478 1.542 1.614 1.569 1.562 1.524 1.518 1.875 1.351
10.00 11.00 11.00 11.00 11.00 11.00 11.00 11.00 11.00 11.00 11.00 11.00 11.00 11.00 11.00 11.00 11.00 11.00 11.00 11.00 11.00 11.00 11.00 11.00 11.00 11.00 11.00 11.00 5.258 2.659 1.851 1.230 0.9195 0.7188 0.5139 0.4187 0.3463 0.3094 0.2992 0.3181 0.3463 0.3667 0.4359 0.5745 0.7988 1.822 7.081 5.203 2.004 1.260 0.9730 0.7883 0.7716 0.7749 0.7818 0.8996 1.006 1.176 1.520 1.739 1.756 1.644 1.507 1.335 1.456 1.506 1.584 1.805 1.979 1.827 1.662 1.465 1.253 1.560 1.625 1.463
1.755 9.378 11.00 11.00 11.00 11.00 11.00 11.00 11.00 11.00 11.00 11.00 11.00 11.00 11.00 11.00 11.00 11.00 11.00 11.00 11.00 11.00 11.00 11.00 11.00 11.00 11.00 11.00 11.00 11.00 7.386 3.141 1.608 1.030 0.7286 0.5816 0.4930 -9999. 0.3422 0.3044 0.3102 0.3286 0.3477 0.3724 0.4195 0.4303 0.5854 0.7629 1.196 3.004 8.933 1.772 1.004 0.8797 0.8119 0.8094 0.8911 0.9562 1.078 1.277 1.608 1.722 1.631 1.587 1.536 1.503 1.541 1.704 2.204 2.634 2.420 2.178 1.777 1.453 1.605 2.603
1.545 7.845 11.00 11.00 11.00 11.00 11.00 11.00 11.00 11.00 11.00 11.00 11.00 11.00 11.00 11.00 11.00 11.00 11.00 11.00 11.00 11.00 11.00 11.00 11.00 11.00 11.00 11.00 11.00 11.00 10.00 3.786 1.875 1.051 0.7091 0.5778 0.3747 0.3190 0.3064 0.3079 0.3209 0.3403 0.3479 0.3527 0.3707 0.4386 0.5881 0.8065 1.304 5.816 2.103 1.090 0.9744 0.9478 0.9483 0.9638 1.028 1.164 1.323 1.564 1.523 1.556 -9999. 1.571 1.460 1.342 1.631 2.058 2.393 2.563 2.766 2.593 2.036 1.850 3.525 2.595
1.285 1.949 3.687 10.00 11.00 11.00 11.00 11.00 11.00 11.00 11.00 11.00 11.00 11.00 11.00 11.00 11.00 11.00 11.00 11.00 11.00 11.00 11.00 11.00 11.00 11.00 11.00 11.00 11.00 11.00 5.852 2.308 1.121 0.7422 0.5059 0.3498 0.3215 0.3074 0.3074 0.3141 0.3186 0.3325 0.3530 0.3738 0.4399 0.5154 0.6020 0.8806 2.196 4.020 1.459 1.045 0.9928 0.9762 1.008 1.101 1.189 1.246 1.247 1.277 1.301 1.212 1.154 1.240 1.340 1.555 1.806 2.140 2.319 2.149 1.761 2.256 3.400 1.790 2.466 5.600
1.933 4.555 11.00 11.00 11.00 11.00 11.00 11.00 11.00 11.00 11.00 11.00 11.00 11.00 11.00 11.00 11.00 11.00 11.00 11.00 11.00 -9999. 11.00 11.00 11.00 11.00 11.00 11.00 9.721 3.001 1.459 0.7981 0.5091 0.3651 0.3404 0.3275 0.3176 0.3204 0.3437 0.3586 0.3644 0.4236 0.4381 0.4345 0.4352 0.6186 1.465 4.973 1.296 1.004 0.9826 1.038 1.131 1.176 1.185 1.198 1.150 1.090 1.020 0.9589 0.9795 1.006 1.059 1.239 1.631 1.832 1.769 1.499 1.563 2.328 2.084 2.229 5.763 2.791 1.921 2.347
7.765 11.00 11.00 11.00 11.00 11.00 11.00 11.00 11.00 11.00 11.00 11.00 11.00 11.00 11.00 11.00 11.00 11.00 11.00 11.00 11.00 11.00 -9999. 11.00 11.00 11.00 11.00 11.00 4.419 1.729 0.9147 0.5744 0.4235 0.3582 0.3299 0.3175 0.3367 0.3577 0.3602 0.3612 0.3734 0.4369 0.4880 0.4971 0.6256 1.345 3.277 1.166 1.013 1.070 1.148 1.151 1.172 1.229 1.162 1.069 1.033 0.9916 0.9877 0.9838 0.9866 1.088 1.350 1.672 1.620 1.319 1.307 1.885 2.655 2.324 4.194 2.923 1.912 2.030 2.165 2.311
11.00 11.00 11.00 11.00 11.00 11.00 11.00 11.00 11.00 11.00 11.00 11.00 11.00 11.00 11.00 11.00 11.00 11.00 11.00 11.00 11.00 11.00 11.00 -9999. 11.00 11.00 11.00 11.00 5.568 1.939 0.9570 0.6117 0.4968 0.3641 0.3245 0.3073 0.3067 0.3181 0.3269 0.3421 0.4275 0.5126 0.4996 0.4860 0.6780 1.990 2.544 1.134 1.023 1.019 1.013 1.033 1.092 1.105 1.077 1.135 1.203 1.196 1.172 1.112 1.069 1.210 1.526 1.623 1.546 1.523 1.798 2.789 2.634 3.442 3.496 2.217 2.387 2.605 2.758 2.835
10.00 11.00 11.00 11.00 11.00 11.00 11.00 11.00 11.00 11.00 11.00 11.00 11.00 11.00 11.00 11.00 11.00 11.00 11.00 11.00 11.00 11.00 11.00 11.00 11.00 11.00 11.00 11.00 7.801 2.489 1.246 0.8992 0.6912 0.5107 0.3582 0.3179 0.3201 0.3342 0.3367 0.3714 0.4988 0.5066 0.4819 0.4307 0.7509 3.004 2.827 1.261 0.9841 0.9035 0.8843 0.9206 0.9739 0.9743 1.042 1.197 1.284 1.331 1.283 1.162 1.198 1.450 1.594 1.600 1.573 1.627 2.112 2.891 3.335 4.615 2.684 2.585 2.857 3.225 3.202 2.961
11.00 11.00 11.00 11.00 11.00 11.00 11.00 11.00 11.00 11.00 11.00 11.00 11.00 11.00 11.00 11.00 11.00 11.00 11.00 11.00 11.00 11.00 11.00 11.00 11.00 11.00 11.00 4.601 1.879 1.093 0.9284 0.7889 0.6233 0.5744 0.4935 0.3610 0.3745 0.4900 0.4966 0.4988 0.4252 0.4845 0.7399 1.310 5.800 2.462 1.129 0.8920 0.7934 0.8849 0.8936 0.9482 1.066 1.187 1.282 1.292 1.236 1.237 1.261 1.281 1.308 1.351 1.489 1.779 2.800 3.455 4.428 3.065 2.502 2.567 2.882 2.882 3.185 3.534 3.366 4.129
