B/P-1/test_case/TRfs_min_kerala_1.asc
ncols         735
nrows         742
xllcorner     697287.30791772006
yllcorner     1083832.4022503800
cellsize      30
NODATA_value  -9999.
[rows 646 to 679 of 742, columns 380 to 455 of 735]
4.006 2.213 1.730 1.569 1.453 1.380 1.230 1.256 1.155 0.9320 0.8081 0.9960 1.555 1.972 2.846 3.738 3.786 4.021 4.389 3.712 3.693 4.406 3.404 3.273 2.736 2.380 2.039 1.533 1.354 1.378 1.454 1.483 1.223 1.050 0.9528 0.9263 0.9466 0.9297 0.9338 1.157 2.676 4.133 1.408 0.9543 0.8239 0.8086 0.8942 1.052 1.349 1.618 1.763 1.760 1.546 1.159 1.100 1.212 1.361 1.785 1.445 0.8632 0.7875 0.7474 0.6426 0.7223 0.7132 0.5808 0.4895 0.4860 0.5530 0.8315 2.214 3.695 2.346 1.786 1.858 1.884
2.120 1.578 1.478 1.479 1.618 1.518 1.096 0.9663 1.162 1.560 1.612 1.797 1.813 1.685 1.788 2.163 3.298 11.00 4.735 3.737 4.219 2.711 2.542 2.902 2.002 1.469 1.259 1.364 1.427 1.244 1.064 0.9361 0.8778 0.8940 0.9224 0.9424 1.000 1.157 2.223 2.725 1.122 0.8495 0.7673 0.7594 0.8151 0.9238 1.133 1.637 1.987 1.728 1.232 1.152 1.153 1.148 1.596 2.698 1.173 0.8525 0.7682 0.6310 0.6647 0.7193 0.5656 0.4698 0.4770 0.5670 0.8159 2.032 9.575 4.441 2.176 1.723 1.937 2.517 1.786 1.785
1.687 1.582 1.492 1.244 1.166 1.549 1.780 1.576 1.681 1.733 1.509 1.514 1.727 2.379 3.367 4.053 9.026 10.00 3.056 2.295 2.797 2.364 1.656 1.468 1.428 1.419 1.363 1.137 0.9990 0.8993 0.8450 0.8309 0.8791 0.9572 0.9294 0.9824 1.974 4.316 1.248 0.9060 0.8067 0.8212 0.9766 1.367 1.776 1.875 1.608 1.153 0.9983 1.030 1.172 1.493 2.425 2.105 1.076 0.8320 0.6413 0.6601 0.7414 0.5701 0.4162 0.4245 0.5787 0.8115 1.504 7.038 6.898 4.255 2.947 3.446 2.194 2.280 3.078 2.264 1.660 1.188
1.568 1.487 1.721 1.868 1.671 1.718 1.885 1.635 1.625 1.568 1.643 1.747 2.368 4.968 5.878 3.347 2.136 2.251 2.256 1.857 1.698 1.479 1.384 1.384 1.234 1.126 1.023 0.9100 0.8084 0.7830 0.8396 0.8725 0.8473 0.9208 1.595 6.920 1.718 1.009 0.8429 0.8829 1.153 1.645 1.529 1.207 1.048 0.9668 1.023 1.188 1.367 1.774 2.588 1.420 0.9077 0.7430 0.7467 0.7609 0.5949 0.4077 0.4076 0.6027 0.8499 1.218 3.411 4.313 4.295 10.00 2.828 2.266 2.865 3.174 2.580 2.057 1.585 1.216 1.114 1.345
2.013 1.847 1.745 1.723 1.519 1.548 1.534 1.422 1.449 2.023 3.292 4.092 3.947 2.551 2.294 2.136 1.805 1.585 1.380 1.256 1.396 1.235 1.157 1.149 1.119 0.9860 0.8540 0.8068 0.8150 0.8417 0.8464 0.8917 1.220 3.717 2.076 0.9596 0.7990 0.9396 1.365 1.202 1.013 0.9400 0.9772 1.083 1.173 1.185 1.502 2.299 1.402 0.9177 0.7870 0.8009 0.7570 0.6229 0.4222 0.4118 0.6373 0.8588 1.196 2.835 3.694 6.421 6.007 3.074 2.967 3.262 2.978 2.193 1.680 1.389 1.135 1.012 1.059 1.562 2.125 2.015
1.914 1.779 1.561 1.791 2.056 1.438 1.423 1.895 2.037 2.086 2.320 2.149 2.128 2.195 1.913 1.588 1.346 1.219 1.464 1.426 1.223 1.195 1.221 1.194 1.067 0.9505 0.8661 0.8415 0.8673 0.8536 0.8404 1.080 4.124 1.936 0.8978 0.8297 1.008 1.080 1.106 1.136 1.145 1.213 1.242 1.182 1.387 1.958 1.227 0.8804 0.7457 0.7366 0.6474 0.6093 0.4965 0.5021 0.7294 0.8629 1.187 2.516 4.140 5.373 3.675 3.203 3.717 5.428 7.048 2.948 1.607 1.128 1.005 0.9007 0.9018 1.122 1.589 1.736 1.782 1.640
1.554 2.104 2.117 1.454 1.438 1.476 1.226 1.171 1.214 1.422 1.586 1.912 2.353 2.500 1.878 1.523 1.686 1.699 1.542 1.435 1.390 1.417 1.365 1.151 1.013 0.9141 0.9171 0.9364 0.8580 0.8349 1.119 4.826 1.501 0.7697 0.6546 0.7874 0.9982 1.180 1.197 1.222 1.209 1.113 1.158 1.894 1.447 0.9232 0.7645 0.7490 0.7438 0.7243 0.6453 0.6356 0.7523 0.9125 1.396 2.479 2.479 2.382 2.107 2.093 3.001 5.422 11.00 3.449 2.661 1.679 1.204 0.9598 0.8891 0.9517 1.100 1.203 1.216 1.171 0.9675 0.8322
1.753 1.437 1.223 1.096 1.014 0.9873 0.9484 1.038 1.254 1.705 2.407 3.185 2.289 1.719 1.886 2.014 1.799 1.640 1.542 1.632 1.635 1.357 1.063 0.9493 0.9415 0.9755 0.9494 0.8687 0.8719 1.164 2.279 1.147 0.7636 0.7355 0.8685 1.045 1.127 1.124 1.125 1.042 1.026 1.989 2.068 1.036 0.8115 0.7634 0.8024 0.8036 0.8030 0.7293 0.7262 0.8460 1.235 2.645 2.455 2.160 1.691 1.491 2.102 3.752 6.780 2.432 3.837 4.928 1.681 1.046 0.9111 0.9221 0.9477 0.9346 0.9493 0.9431 0.8814 0.8495 0.8851 1.091
1.344 1.197 1.197 1.231 1.064 1.002 1.157 1.645 2.191 2.408 1.988 1.731 2.039 2.157 1.789 1.598 1.566 1.698 1.786 1.561 1.154 1.008 1.008 1.006 0.9882 0.9323 0.8451 0.8517 1.051 1.874 2.031 1.202 0.9615 0.9755 1.084 1.095 1.117 1.089 0.9757 1.556 3.645 1.198 0.8294 0.7473 0.7989 0.8109 0.8800 0.7953 0.6508 0.6576 0.9770 2.959 5.001 4.547 1.877 1.177 1.541 2.437 10.00 2.804 2.323 10.00 2.393 1.183 0.9517 0.9212 0.9349 0.9847 0.9937 0.8671 0.8057 0.8514 0.9178 1.073 1.522 2.178
1.980 2.049 1.534 1.125 1.102 1.522 2.039 2.070 1.736 1.577 1.624 1.530 1.385 1.367 1.461 1.592 1.737 1.706 1.399 1.116 1.131 1.156 1.049 0.9368 0.8736 0.8289 0.8419 1.030 1.814 4.021 1.491 0.9301 0.8971 0.9800 1.112 1.103 0.9623 1.164 2.071 1.783 0.9557 0.8006 0.8085 0.7949 0.8664 0.8121 0.7222 0.6351 0.8454 2.435 5.949 4.135 2.387 1.099 1.097 1.479 2.524 4.701 2.325 2.947 3.291 1.556 1.194 1.118 1.048 1.006 0.9975 0.8528 0.7631 0.8507 0.9908 1.138 1.471 1.928 2.859 4.399
1.795 1.209 1.053 1.188 1.554 1.691 1.595 1.480 1.466 1.421 1.220 1.220 1.462 1.685 1.797 1.749 1.581 1.362 1.203 1.345 1.162 0.9539 0.9017 0.8868 0.8650 0.9168 1.066 1.727 3.030 1.378 0.9106 0.8802 0.9330 0.9105 0.9281 1.058 1.425 1.839 1.256 1.030 0.9320 0.8423 0.9188 0.8207 0.6589 0.6198 0.7763 2.036 4.456 2.551 2.382 1.127 0.9527 1.071 1.600 2.602 2.316 2.373 6.977 2.185 1.881 1.741 1.389 1.048 0.9680 0.8540 0.7714 0.8460 0.9788 1.107 1.456 2.050 2.947 3.751 5.303 10.00
1.388 1.646 1.700 1.706 1.796 1.730 1.569 1.527 1.590 1.707 1.752 1.695 1.697 1.664 1.443 1.353 1.228 1.039 0.9525 0.9430 0.9073 0.8808 0.8906 1.024 1.695 4.103 1.440 0.9091 0.7881 0.7206 0.7530 0.9051 1.396 2.251 1.526 1.171 1.191 1.051 1.108 0.8790 0.6613 0.6296 0.7998 1.866 4.417 2.169 2.649 1.662 1.084 1.097 1.567 2.412 2.212 2.609 6.645 2.783 2.555 2.116 1.497 1.106 0.9643 0.9089 0.8766 0.8587 0.8830 0.9490 1.211 2.154 3.721 4.256 4.337 6.379 11.00 8.385 6.002 4.278
1.898 1.835 1.825 1.722 1.633 1.638 1.675 1.565 1.562 1.715 1.553 1.217 1.160 1.125 1.061 0.9991 0.9376 0.8628 0.8120 0.8284 0.9437 1.640 4.246 1.359 0.8334 0.6350 0.5962 0.6448 0.8809 1.567 1.492 0.9846 0.8987 0.8078 0.8910 0.9528 0.7728 0.7187 0.9480 1.803 2.478 1.759 2.309 2.070 1.191 1.167 1.518 2.161 2.335 3.958 4.859 3.093 2.897 2.175 1.474 1.096 1.001 1.039 1.008 0.8818 0.8241 0.8408 1.036 1.855 3.750 5.069 4.524 4.775 8.927 5.770 4.463 3.661 2.896 2.267 1.950 2.013
2.003 1.752 1.705 1.690 1.546 1.431 1.463 1.431 1.146 1.064 1.123 1.152 1.062 0.9683 0.9110 0.8541 0.8061 0.7828 0.8923 1.674 3.376 1.392 0.8701 0.7185 0.6541 0.7728 1.052 1.684 0.9641 0.8538 0.8173 0.9270 1.077 0.9301 0.8751 1.256 1.604 1.257 1.085 1.353 1.384 1.030 1.060 1.129 1.369 1.889 3.286 2.957 2.710 2.792 2.433 1.691 1.180 0.9987 1.001 1.012 0.8932 0.8024 0.7931 0.9201 1.426 2.381 3.796 4.741 5.486 8.296 10.00 11.00 7.721 5.660 3.746 3.136 3.313 2.862 2.235 2.697
2.627 2.292 2.122 1.851 1.555 1.368 1.224 1.195 1.088 1.010 1.041 1.124 1.111 0.9677 0.9055 0.9186 0.8827 0.7879 0.7522 0.9506 1.900 3.996 1.562 0.9135 0.8123 0.8346 0.9731 1.811 1.038 0.8060 0.8478 1.188 1.775 1.547 1.353 1.556 1.494 1.154 0.9834 1.005 0.9552 0.8492 0.9213 1.029 1.168 1.699 2.121 2.002 2.400 3.090 2.605 1.812 1.414 1.100 1.011 1.004 0.9343 0.8306 0.7945 0.8706 1.004 1.111 1.443 2.129 3.339 3.662 3.253 3.508 5.221 11.00 6.435 4.564 5.051 4.076 2.955 3.623
3.578 3.806 2.988 2.064 -9999. 1.558 1.235 1.144 1.103 1.063 1.040 1.026 1.042 1.063 0.9583 0.8673 0.9042 0.9484 0.8408 0.7235 0.7766 1.018 2.086 5.423 1.218 0.9275 0.9048 0.9852 1.648 1.171 0.8621 0.8975 1.465 2.964 2.335 1.678 1.641 1.744 1.584 1.230 1.369 1.059 0.8304 0.8605 1.045 1.366 1.754 1.960 1.927 2.177 2.624 2.648 2.058 1.707 1.410 1.101 1.029 1.024 0.9591 0.9006 0.8718 0.8362 0.8214 0.8648 1.078 1.963 4.631 5.608 3.847 3.123 4.576 10.00 7.703 5.078 4.151 4.343
5.252 3.110 2.347 1.860 1.462 1.167 1.097 1.101 1.165 1.190 1.113 1.041 0.9676 0.8749 0.8595 0.9191 0.8741 0.7448 0.7206 0.7700 0.9863 2.766 2.518 1.068 0.9340 1.004 1.620 1.655 1.086 1.046 1.560 2.522 2.260 1.978 1.941 1.878 1.827 1.635 1.932 1.738 0.9918 0.8642 0.9451 1.106 1.422 1.791 2.254 2.525 2.757 2.367 1.884 1.692 1.492 1.197 1.078 1.102 1.197 1.155 0.9507 0.8563 0.8504 0.8400 0.8671 1.152 2.749 10.00 10.00 4.307 3.408 4.050 5.434 4.217 3.564 3.563 3.635 2.441
1.923 1.955 1.682 1.246 1.079 1.064 1.152 1.343 1.224 1.076 0.9695 0.9081 0.8610 0.8863 0.9334 0.8524 0.7735 0.7264 0.7668 1.097 6.715 1.747 0.9984 0.9479 1.240 2.039 1.618 1.481 1.788 1.773 1.783 2.019 2.151 1.791 1.682 1.690 1.918 2.455 1.531 0.9996 0.8921 0.9881 1.174 1.622 2.206 2.145 1.830 1.916 2.186 1.969 1.597 1.380 1.171 1.193 1.466 1.427 1.124 0.9797 0.9471 0.9275 0.8727 0.9435 1.490 3.876 8.247 5.914 4.181 5.177 10.00 4.514 2.677 2.297 2.827 3.854 2.306 1.951
1.537 1.418 1.144 1.034 1.041 1.093 1.120 1.047 0.9670 0.9535 0.9097 0.8676 0.9339 0.9715 0.8916 0.7683 0.6646 0.7774 1.195 7.139 1.897 1.089 1.174 2.076 2.889 2.530 2.160 1.657 1.455 1.743 2.428 2.197 1.844 1.731 2.270 4.827 2.658 1.178 0.9017 0.9804 1.103 1.385 1.728 1.694 1.620 2.105 3.251 2.671 1.709 1.429 1.344 1.382 1.506 1.450 1.234 1.051 1.000 1.018 0.9684 0.9523 1.098 1.971 5.307 6.659 4.121 2.988 4.489 5.855 3.029 1.827 1.691 2.949 5.095 2.688 1.819 1.595
1.475 1.252 1.190 1.178 1.135 1.038 0.9971 1.005 0.9517 0.8659 0.8416 0.8966 0.9361 0.8454 0.7413 0.6551 0.7889 1.235 6.952 2.179 1.480 2.078 5.646 9.933 4.313 2.712 1.632 1.720 3.133 2.828 2.213 2.578 7.101 4.075 2.406 1.399 1.015 1.024 1.018 1.104 1.454 1.577 1.695 2.677 7.585 3.978 1.831 1.396 1.225 1.361 1.422 1.430 1.441 1.114 1.022 1.067 1.044 0.9701 0.9747 1.379 3.315 8.968 6.070 2.529 2.115 2.770 3.865 2.857 2.206 2.268 2.173 2.307 1.919 1.713 2.354 3.817
1.667 1.516 1.207 1.058 1.077 1.097 0.9891 0.8969 0.8209 0.8009 0.8376 0.8342 0.7834 0.7133 0.6585 0.8228 1.403 11.00 1.837 1.616 2.039 2.438 2.716 5.302 3.226 1.947 3.433 2.976 2.585 6.001 2.882 2.401 2.850 2.081 1.359 1.033 0.9261 0.9747 1.190 1.466 1.686 2.514 3.300 2.453 1.650 1.356 1.364 1.418 1.407 1.532 1.512 1.139 1.107 1.128 0.9959 0.8869 0.8743 1.047 2.000 4.404 4.240 2.834 2.076 2.437 3.838 6.632 4.607 2.839 2.668 3.228 3.339 2.132 2.267 2.897 3.167 3.348
0.9123 0.8322 0.7803 0.7766 0.7944 0.7502 0.6480 0.6394 0.7772 1.651 4.732 1.747 1.648 1.681 1.637 1.824 6.914 2.849 3.064 3.087 4.235 8.478 2.309 2.677 4.317 2.808 1.650 1.081 0.9049 0.9147 1.077 1.423 1.836 2.444 2.380 2.240 1.745 1.417 1.520 1.523 1.471 1.471 1.203 1.132 1.136 1.067 0.9582 0.8429 0.8061 0.9542 1.743 4.968 5.383 4.028 2.327 2.496 5.860 10.00 6.263 4.902 4.762 4.735 6.030 4.419 2.592 2.387 3.025 5.706 11.00 7.610 6.559 5.298 3.045 2.174 2.026 3.067
2.144 4.969 2.726 3.115 3.073 2.119 3.066 10.00 3.924 5.113 10.00 3.084 2.801 3.750 5.523 3.570 1.952 1.191 0.9858 0.9583 1.053 1.420 2.038 2.530 2.454 2.832 2.040 1.708 1.898 1.750 1.575 1.203 1.055 0.9987 0.9638 1.031 1.051 0.8824 0.7858 0.9215 1.683 5.663 9.053 10.00 3.171 2.241 4.173 10.00 9.105 6.400 7.306 9.646 10.00 6.888 3.618 2.889 3.303 4.479 7.979 10.00 4.340 3.071 4.590 4.124 2.554 4.677 7.354 2.214 1.545 1.496 1.740 2.206 1.595 1.064 0.9099 0.9085
10.00 7.533 2.505 2.193 2.252 2.287 2.153 1.867 1.577 1.235 1.138 1.118 1.149 1.401 1.805 2.190 2.447 2.807 1.944 2.135 3.038 2.645 1.922 1.194 1.013 1.004 1.064 1.115 1.032 0.8750 0.7784 0.8823 1.514 4.064 7.755 8.804 3.441 1.996 3.892 8.082 4.265 3.478 3.102 3.009 3.542 5.791 8.402 4.139 3.291 3.853 7.152 11.00 5.342 2.533 3.146 8.471 2.355 3.058 4.938 2.287 1.576 1.251 1.432 2.745 1.923 1.573 1.410 1.050 0.9708 1.073 1.346 1.557 1.603 1.142 0.9563 0.9944
1.942 2.393 2.843 2.466 2.471 2.435 2.086 1.818 1.654 1.421 1.189 1.157 1.357 1.631 2.220 2.489 1.833 2.354 3.400 2.872 2.276 1.549 1.210 1.190 1.116 1.054 0.9974 0.9166 0.8194 0.8560 1.244 3.224 7.639 7.795 3.579 1.939 2.256 2.672 3.391 4.924 5.652 4.961 4.961 5.065 3.902 4.141 4.302 4.403 6.029 7.686 4.122 2.472 3.179 6.898 2.103 2.617 5.979 3.473 2.278 1.672 1.381 1.785 1.560 1.708 2.390 1.809 1.489 1.505 1.604 1.587 1.428 1.118 1.014 1.120 1.498 1.836
2.342 1.873 2.684 3.878 4.258 2.843 1.921 1.545 1.246 1.102 1.012 0.9611 1.023 1.354 1.908 2.119 1.951 2.303 2.345 2.535 3.193 2.686 1.769 1.189 1.005 0.9937 1.003 1.021 0.9389 0.8896 1.131 2.312 5.335 6.657 4.601 2.320 1.982 2.195 2.864 4.106 5.854 7.074 6.555 3.660 2.765 4.913 6.264 4.074 2.941 2.196 1.610 1.508 2.356 3.059 2.175 2.423 4.367 10.00 5.315 2.965 2.251 1.674 1.473 1.915 2.755 2.048 1.535 1.254 1.365 1.595 1.721 1.669 1.665 2.003 2.247 2.102
2.465 6.139 2.012 1.845 1.939 1.875 1.651 1.385 1.130 1.043 1.004 0.9704 0.9326 0.9552 1.081 1.443 1.771 1.875 1.766 1.921 2.937 4.158 2.822 1.710 1.110 0.9570 0.9776 1.043 1.175 1.140 0.9631 1.017 1.569 2.870 4.991 5.696 3.562 2.510 2.239 2.318 2.645 3.321 4.080 4.238 2.850 2.202 4.058 10.00 11.00 7.149 2.777 1.768 1.715 2.042 1.780 1.791 1.757 1.897 2.147 2.091 2.441 6.294 5.888 4.194 5.251 5.498 2.898 1.979 1.804 2.048 2.215 1.835 1.612 1.431 1.532 1.541
4.913 1.896 1.726 6.085 4.140 2.229 1.993 2.183 2.461 2.369 1.999 1.631 1.428 1.210 1.078 0.9478 0.8777 0.9570 1.156 1.351 1.448 1.782 2.018 2.309 2.279 1.710 1.186 1.041 1.062 1.118 1.205 1.186 0.9977 0.8998 1.031 1.681 3.104 4.545 4.317 3.489 2.887 2.591 2.447 2.382 2.153 2.066 1.861 1.622 2.373 4.814 6.723 4.195 2.521 1.990 2.492 3.194 1.732 1.590 1.724 1.782 1.749 1.399 1.220 1.256 1.498 2.256 3.355 4.489 10.00 6.957 3.561 2.456 1.815 1.476 1.107 0.9446
4.815 2.852 4.576 6.876 2.544 1.583 2.215 8.868 4.296 3.519 4.884 4.445 3.823 4.274 4.863 3.968 2.600 1.731 1.134 0.8807 0.8121 0.8692 1.025 1.367 1.412 1.403 1.843 2.409 2.025 1.462 1.175 1.104 1.006 0.9592 0.9928 0.9935 0.8773 0.8346 1.026 1.831 3.856 7.176 7.957 5.921 3.768 2.766 2.084 1.663 1.644 1.598 1.420 1.604 2.300 4.915 6.695 2.051 1.641 2.111 4.464 2.451 1.688 1.706 1.908 1.717 1.114 1.037 1.003 0.9976 1.446 2.229 3.157 5.306 11.00 8.902 4.247 2.549
3.335 5.978 4.134 1.966 1.671 2.541 11.00 2.593 1.881 1.548 1.395 1.460 1.804 2.595 5.060 8.377 2.486 1.409 1.027 0.9777 1.094 1.195 1.119 1.180 1.585 2.061 1.955 1.514 1.229 1.060 0.9166 0.8545 0.8755 0.9591 0.9301 0.8227 0.8477 1.182 2.642 10.00 11.00 10.00 5.559 3.454 2.548 2.279 2.067 1.733 1.583 1.440 1.603 2.506 11.00 2.300 1.494 1.610 3.095 10.00 4.058 2.152 1.789 1.358 1.085 1.458 1.457 1.039 1.115 1.625 2.562 6.748 5.019 3.481 4.180 6.341 10.00 10.00
3.054 4.299 4.987 2.803 1.805 1.877 7.728 2.135 1.483 1.427 1.429 1.252 1.253 1.471 1.690 2.174 4.026 4.354 2.367 1.776 1.453 1.176 1.102 1.164 1.415 1.568 1.542 1.418 1.229 1.056 0.9298 0.8621 0.8569 0.9201 0.9631 0.8778 0.8100 0.9067 1.471 3.671 11.00 7.079 6.595 4.751 3.505 3.697 2.384 1.735 1.805 1.530 1.445 1.814 4.371 4.682 1.664 1.198 1.526 2.940 10.00 4.128 1.839 1.223 1.687 4.583 3.056 1.439 1.043 1.230 2.533 4.198 2.562 2.617 2.801 3.133 3.477 4.093
2.468 2.952 2.788 2.234 1.927 3.670 3.201 1.364 1.096 1.621 2.142 1.640 1.511 1.556 1.618 1.777 2.023 1.804 1.656 1.711 1.638 1.407 1.358 1.388 1.258 1.211 1.229 1.361 1.207 1.035 0.9060 0.8827 0.9231 0.9532 0.8942 0.8266 0.8391 1.030 2.026 10.00 6.652 6.022 5.902 3.837 3.647 2.354 1.590 1.637 1.515 1.414 1.465 1.786 4.173 4.110 1.613 1.388 1.907 3.280 2.828 1.670 1.632 3.268 3.488 2.650 1.612 1.043 1.373 3.344 2.838 2.730 2.975 2.582 2.365 2.394 2.755 4.053
2.401 1.607 1.614 1.844 2.196 2.007 2.293 11.00 1.728 0.9244 1.007 2.104 4.901 2.961 2.816 2.992 2.374 1.759 1.428 1.511 2.084 2.805 2.110 1.787 1.720 1.546 1.376 1.365 1.499 1.537 1.209 0.9991 0.9522 1.005 1.027 0.9389 0.8914 0.9037 0.9745 1.510 4.297 10.00 4.581 4.171 3.584 3.822 3.143 1.694 1.562 1.496 1.392 1.184 1.122 1.406 3.941 3.589 1.655 1.405 1.900 2.174 1.826 3.249 3.225 2.100 2.085 1.682 1.406 1.697 2.192 2.497 3.060 3.043 2.417 1.952 1.905 1.996
1.184 1.257 1.738 1.948 1.884 2.902 4.333 1.143 0.8954 1.135 2.557 4.451 3.641 9.719 7.722 3.244 2.880 4.106 7.749 5.700 2.983 2.442 2.494 2.186 1.769 1.602 1.694 1.868 1.708 1.257 1.085 1.097 1.066 0.9658 0.9827 1.005 0.9889 1.148 2.109 10.00 4.904 3.102 2.780 3.270 9.753 2.261 1.695 1.663 1.453 1.216 1.057 0.9434 1.495 3.775 2.762 1.465 1.491 1.891 1.618 2.715 5.802 1.818 1.518 1.700 1.757 1.404 1.380 2.021 3.754 4.659 3.450 2.637 2.470 1.742 1.818 3.595
