B/P-1/test_case/TRfs_min_kerala_2.asc
ncols         735
nrows         742
xllcorner     697287.30791772006
yllcorner     1083832.4022503800
cellsize      30
NODATA_value  -9999.
[rows 170 to 203 of 742, columns 532 to 607 of 735]
2.633 1.076 0.7324 0.6139 0.6002 0.6001 0.6166 0.6774 0.6866 0.7040 0.7871 1.096 1.176 1.089 1.327 2.217 3.558 3.411 2.141 1.657 1.696 1.779 1.824 1.921 1.595 1.108 1.070 1.517 1.625 1.202 1.132 1.481 1.959 2.675 2.241 1.614 1.681 5.268 1.516 0.9276 1.321 2.018 2.759 5.051 3.516 2.808 2.293 1.966 1.995 2.633 6.815 1.959 1.261 1.729 1.981 1.861 1.559 1.324 1.237 1.017 0.7984 0.9578 1.481 1.614 1.244 1.119 1.128 1.213 1.289 1.172 1.085 1.098 1.173 1.342 1.631 1.630
5.317 1.246 0.8015 0.7052 0.6223 0.6045 0.5954 0.5971 0.6027 0.7067 0.9640 1.207 1.310 1.883 4.067 6.623 2.864 1.833 1.614 1.911 2.279 2.380 1.975 1.225 0.9847 0.8094 0.9224 1.245 1.793 1.515 1.477 1.919 3.499 6.297 2.160 1.701 3.030 1.744 0.9205 1.250 2.058 2.898 2.738 1.658 1.254 1.246 1.460 2.046 4.700 2.227 1.274 1.512 2.045 2.040 1.765 1.489 1.526 1.489 1.117 0.9197 1.021 1.569 2.462 4.631 2.622 1.694 1.292 1.221 1.165 1.189 1.239 1.310 1.544 1.843 2.508 2.249
0.9247 0.7472 0.7150 0.7267 0.7277 0.7623 1.006 1.301 1.650 2.272 4.616 4.735 2.169 1.678 1.831 2.391 2.702 2.238 1.577 1.257 1.228 1.101 1.040 1.208 1.912 3.030 1.724 1.469 1.944 4.779 2.459 1.613 2.643 2.363 1.029 1.132 1.701 2.119 1.786 1.079 1.055 1.327 2.167 2.778 1.892 1.509 1.699 2.479 2.494 2.235 1.910 1.335 1.336 1.537 1.243 1.020 1.051 1.211 1.699 3.264 8.894 5.801 2.939 2.284 2.274 2.809 3.170 3.193 3.516 4.949 7.356 3.588 1.999 1.585 1.529 1.537
1.187 1.613 2.225 2.362 1.821 1.793 1.767 1.540 1.483 1.552 1.552 1.487 1.218 1.029 0.9357 1.027 1.334 2.616 5.317 1.759 1.639 3.042 3.892 1.947 2.359 5.367 1.526 1.172 1.267 1.339 1.293 1.244 2.222 3.589 1.958 1.763 1.594 1.692 2.648 3.357 2.612 2.424 2.048 1.466 1.276 1.351 1.329 1.150 1.130 1.198 1.335 1.852 2.586 4.738 10.00 7.532 4.664 3.311 2.734 2.597 2.528 2.281 2.072 2.004 1.708 1.518 1.574 1.671 1.696 1.494 1.148 1.016 0.9235 0.7765 0.7287 0.6992
0.9350 1.077 1.229 1.224 1.227 1.345 1.237 1.089 1.057 1.114 1.121 1.065 1.021 1.005 0.9533 1.003 1.241 1.734 3.902 3.872 2.125 2.571 11.00 2.944 2.124 3.902 3.444 1.478 1.186 1.126 1.139 1.819 10.00 1.841 1.530 2.457 2.311 1.937 2.410 2.607 2.325 2.515 2.238 1.628 1.345 1.261 1.237 1.187 1.132 1.254 1.603 1.737 1.893 2.339 2.629 2.210 1.770 1.513 1.268 1.232 1.302 1.344 1.333 1.348 1.279 1.227 1.308 1.490 1.461 1.245 1.104 1.014 0.9512 0.7994 0.7308 0.7316
2.935 1.915 1.346 1.113 0.9095 0.7656 0.7765 0.8877 0.9117 0.8069 0.8874 1.017 1.204 1.492 1.549 1.280 1.065 1.032 1.139 1.279 1.175 1.063 1.176 1.514 2.176 3.531 4.115 2.932 5.170 10.00 2.978 2.206 5.017 3.007 1.906 1.850 2.114 2.858 2.267 1.656 2.393 4.239 2.268 1.661 1.812 2.009 2.094 2.454 2.221 1.720 1.612 1.491 1.204 1.171 1.118 1.233 1.781 2.022 2.113 2.053 1.946 1.855 1.682 1.350 1.190 1.118 1.157 1.258 1.509 1.578 1.343 1.261 1.331 1.589 1.568 1.312
1.948 2.926 10.00 4.111 1.995 1.268 0.9890 0.8130 0.7773 0.7972 0.8115 0.7684 0.7742 0.9189 1.084 1.457 1.803 1.751 1.608 1.745 1.946 2.033 1.572 1.126 1.169 1.506 1.925 2.532 5.579 5.753 4.313 6.439 10.00 2.416 2.002 5.293 10.00 8.842 7.130 2.542 1.915 1.992 2.655 2.443 1.928 1.351 1.264 1.476 1.735 2.023 1.889 1.571 1.578 1.623 1.219 1.066 1.047 1.181 1.628 1.999 2.322 2.241 1.879 1.731 1.750 1.854 1.853 1.532 1.223 1.181 1.341 1.509 1.461 1.519 1.700 1.942
3.689 1.957 1.348 1.220 1.162 1.060 1.006 0.9549 0.7835 0.7350 0.7586 0.7883 0.9113 1.118 1.630 1.913 2.045 2.070 2.267 1.727 1.166 1.261 1.630 2.033 2.377 3.536 6.765 9.752 5.306 10.00 4.414 1.931 1.898 3.257 10.00 5.286 2.591 2.282 2.006 1.952 2.047 2.109 1.557 1.119 1.057 1.127 1.283 1.298 1.157 1.193 1.508 1.310 1.038 0.9974 1.171 1.480 1.673 1.969 2.126 1.725 1.510 1.541 1.760 1.963 1.882 1.757 1.831 1.620 1.235 1.292 1.649 2.204 2.705 2.296 1.953 1.851
1.749 1.466 1.139 0.9379 0.7665 0.7466 0.7496 0.7625 0.9199 1.196 1.493 1.501 1.542 1.711 1.317 1.064 1.207 1.595 1.957 2.110 2.110 2.245 2.777 3.490 3.955 4.551 2.529 1.658 1.634 2.850 2.891 2.041 1.859 2.119 3.332 5.750 3.503 1.952 1.268 1.133 1.147 1.138 1.071 1.105 1.275 1.309 1.043 0.9794 1.164 1.456 1.631 2.002 2.317 1.726 1.526 1.501 1.583 1.725 1.867 2.205 2.261 1.467 1.165 1.275 1.701 2.664 4.606 3.421 2.095 1.622 1.519 1.528 1.566 1.313 1.076 0.9170
1.607 1.733 1.597 1.281 1.092 0.9450 0.8116 0.7973 0.8136 0.9223 1.055 1.264 1.537 1.633 1.565 1.127 0.9179 0.9793 1.220 1.643 1.863 1.788 1.696 1.631 1.703 2.041 2.501 2.393 1.773 1.177 1.220 2.534 2.531 2.203 1.975 1.978 2.834 10.00 2.762 1.592 1.317 1.238 1.108 1.105 1.193 1.225 1.042 0.9697 1.131 1.460 1.644 2.000 2.361 1.771 1.720 1.782 1.857 2.031 1.982 1.764 1.293 1.099 1.093 1.200 1.699 3.190 6.090 4.216 2.366 1.449 1.106 1.123 1.281 1.500 1.287 1.073
1.174 1.524 1.854 1.822 1.603 1.118 0.8027 0.7315 0.8135 1.093 1.518 1.724 1.805 1.893 1.983 2.098 2.218 2.345 2.173 1.343 0.9794 1.125 1.452 1.042 0.8093 0.7728 0.8930 1.098 1.558 2.232 9.299 3.740 1.988 1.492 1.169 1.109 1.133 1.143 1.042 0.9502 1.019 1.215 1.476 1.642 1.759 1.758 2.001 2.454 2.280 2.118 2.025 1.787 1.138 0.9468 0.9549 1.042 1.571 3.138 3.374 2.317 1.735 1.184 0.9622 0.9143 0.9767 1.126 1.259 1.305 1.243 1.075 0.9670 0.9795 0.9733 0.8937 0.7400 0.6241
1.163 1.638 1.997 2.519 2.733 2.391 2.149 2.320 2.614 2.038 1.122 1.015 1.184 0.9826 0.9033 0.9220 0.9668 1.071 1.161 1.272 1.895 5.102 4.487 2.031 1.476 1.146 1.053 1.020 0.9747 0.9183 0.9228 1.021 1.133 1.212 1.304 1.707 2.325 3.250 3.219 2.334 1.900 1.640 1.071 0.8828 0.8887 0.9635 1.290 2.296 2.262 1.760 1.525 1.178 0.9692 0.8886 0.7938 0.8096 0.9340 1.070 1.225 1.183 1.069 1.018 0.9760 0.9210 0.8084 0.7054 0.5911 0.6010 0.6087 0.6247 0.6786 0.6104 0.7292 1.041 1.268 1.209
0.7552 0.9905 1.486 1.985 2.505 2.717 2.130 1.864 1.934 2.404 2.423 1.640 1.171 1.345 1.135 1.140 1.336 1.466 1.224 1.057 1.006 1.157 1.879 5.535 4.415 2.240 1.474 1.083 0.9753 0.9157 0.9124 0.9633 1.011 1.074 1.141 1.217 1.508 1.886 2.283 2.370 1.901 1.568 1.225 0.8946 0.7122 0.7526 0.9208 1.179 1.863 2.143 1.999 1.949 1.713 1.140 0.9383 0.7655 0.7124 0.7182 0.7930 1.002 1.119 1.095 1.018 0.9728 0.9556 0.9801 0.9640 0.8010 0.7483 0.6258 0.5803 0.5778 0.6073 0.7189 0.9050 1.074
1.566 1.562 1.111 0.7929 0.7555 0.7950 1.030 1.474 1.858 2.128 1.975 2.031 1.907 2.127 2.471 2.148 1.481 1.550 1.450 1.512 1.691 1.900 1.738 1.193 0.9612 0.9555 1.180 2.207 9.503 6.341 2.715 1.703 1.189 0.9499 0.8960 0.9940 1.036 1.082 1.184 1.294 1.536 1.762 1.870 1.762 1.580 1.697 1.714 0.9899 0.7092 0.7347 0.9153 1.112 1.547 1.937 1.982 1.919 2.016 1.490 1.087 0.9598 0.8908 0.8039 0.9196 1.031 1.073 1.008 0.9611 0.9822 1.004 0.9647 1.008 1.011 0.9271 0.7757 0.6137 0.4906
1.136 1.159 1.093 0.9001 0.7407 0.7077 0.7561 1.017 1.291 1.654 1.836 2.052 1.926 1.956 2.287 2.136 1.661 1.672 1.796 1.763 1.735 2.077 2.385 1.736 1.133 0.9495 0.9703 1.189 2.116 6.598 9.244 3.472 1.965 1.132 0.9111 0.9150 0.9214 0.9577 1.068 1.171 1.222 1.325 1.629 1.808 1.967 2.538 2.323 1.126 0.7763 0.7737 0.9313 1.087 1.507 2.013 2.119 2.141 2.458 1.992 1.528 1.232 1.082 0.9356 0.9776 1.109 1.014 0.9209 0.9129 0.9360 0.8945 0.7922 0.9661 1.114 1.126 1.032 0.9021 0.7168
0.7597 0.6940 0.6966 0.8036 1.045 1.262 1.596 1.865 2.021 2.155 2.818 2.382 1.960 1.741 1.745 1.637 1.646 2.018 2.502 2.166 1.511 1.105 0.9749 0.9495 1.155 2.160 6.588 10.00 4.316 2.113 1.282 1.074 0.9776 0.9415 0.9546 0.9524 0.9243 0.9514 1.118 1.494 1.829 2.363 2.081 1.161 0.9107 0.8776 0.9256 1.026 1.329 2.296 3.161 3.108 3.141 2.820 1.992 1.322 1.053 0.8941 0.8984 1.008 1.015 0.9729 0.9751 0.9884 0.9006 0.7923 0.9994 1.258 1.350 1.213 1.037 0.9311 0.9186 0.9422 0.7974 0.7376
0.6958 0.7327 0.9376 1.231 1.722 2.234 2.593 2.684 6.502 3.030 2.820 2.053 1.676 1.491 1.541 1.825 2.188 2.233 1.676 1.312 1.146 0.9867 1.013 1.526 2.781 4.289 4.198 4.308 3.752 2.653 1.981 1.654 1.450 1.232 1.161 1.123 1.185 1.338 1.707 2.192 1.957 1.243 0.9945 0.9316 0.9387 0.9594 1.086 1.534 1.949 2.064 2.083 2.229 1.984 1.345 1.029 0.9092 0.8865 0.9579 1.037 1.028 0.9647 0.9179 0.8059 0.8055 1.041 1.482 1.703 1.571 1.198 1.033 1.002 1.140 1.148 0.9298 0.7938 1.044
0.9787 0.7687 0.7056 0.7137 0.9023 1.293 2.131 2.492 2.378 2.480 4.666 2.171 2.385 2.074 1.796 1.727 1.842 2.008 2.311 2.412 1.860 1.586 1.506 1.123 1.006 1.295 2.546 5.388 4.842 4.415 4.619 4.110 3.513 4.271 6.086 7.540 6.702 4.419 4.002 4.794 5.920 4.991 2.767 1.628 1.122 1.002 0.9711 0.9267 0.9130 0.9741 1.107 1.324 1.725 2.011 2.059 1.660 1.143 1.010 0.9665 1.001 1.110 1.207 1.106 0.9514 0.7929 0.7843 0.9565 1.268 1.823 1.740 1.510 1.218 1.077 1.115 1.145 0.9527
0.7518 0.9023 0.8979 0.7675 0.7447 0.7340 0.7865 1.154 1.861 1.840 1.591 1.543 1.590 1.324 1.611 1.671 1.722 1.962 2.352 2.521 3.103 3.096 2.449 1.807 1.598 1.227 0.9898 1.105 2.101 9.139 8.131 5.659 5.437 3.601 2.788 2.713 2.421 1.987 1.766 1.785 1.921 2.007 2.334 3.834 9.961 2.839 1.525 1.095 0.9912 0.9236 0.8130 0.8891 1.010 1.264 1.711 2.083 2.636 2.448 1.688 1.285 1.205 1.278 1.577 1.584 1.118 0.8906 0.7641 0.7827 0.9147 1.251 2.122 1.932 1.610 1.311 1.159 1.131
0.7050 0.9042 1.019 0.9467 0.8822 0.7680 0.7617 0.9907 1.248 1.235 1.044 0.9303 0.9791 1.184 1.623 1.829 1.838 1.920 2.157 2.551 3.536 3.620 3.161 2.249 1.750 1.469 1.022 0.9572 1.491 3.712 10.00 5.987 4.915 3.508 3.009 3.210 2.996 2.452 2.125 1.763 1.538 1.628 2.090 2.840 5.106 11.00 2.695 1.529 1.131 1.043 1.002 0.9695 0.9937 1.116 1.303 1.715 2.364 2.855 2.589 2.095 1.906 1.869 1.786 1.344 1.004 0.7803 0.7801 0.8999 0.9722 1.252 1.789 1.754 1.560 1.482 1.315 1.276
1.539 1.160 0.9537 0.8022 0.8857 1.014 1.103 1.067 0.9419 0.8006 0.9035 1.128 1.658 2.113 2.124 1.946 2.012 2.558 3.661 3.689 3.050 2.711 2.280 1.853 1.184 1.001 1.209 2.055 3.722 5.962 7.547 4.024 2.747 2.363 2.233 2.175 1.997 1.717 1.648 1.864 2.249 2.596 3.413 7.593 10.00 3.329 2.112 1.753 1.544 1.245 1.123 1.131 1.291 1.700 1.953 2.273 2.589 2.477 2.357 2.039 1.662 1.221 0.9639 0.7835 0.8976 1.009 1.075 1.194 1.345 1.544 1.526 1.567 1.654 1.711 1.630 1.272
0.8818 0.9615 1.078 1.040 0.9963 0.9597 0.9362 0.9347 1.021 1.220 1.648 1.914 1.938 2.169 2.556 3.482 3.584 2.687 2.538 2.533 2.188 1.533 1.207 1.284 1.668 2.015 2.300 2.741 3.806 4.817 2.424 1.628 1.536 1.570 1.616 1.928 2.071 1.839 1.854 2.306 3.656 7.470 6.614 4.919 4.407 3.016 2.202 1.862 1.686 1.652 1.746 1.839 2.035 2.132 2.188 2.247 1.936 1.597 1.186 0.9590 0.8879 1.016 1.151 1.100 1.124 1.223 1.302 1.516 1.707 1.932 2.162 2.232 1.987 1.910 2.333 2.476
0.9273 0.9629 1.010 1.025 1.000 1.021 1.096 1.185 1.486 1.843 2.343 2.593 3.206 3.117 2.611 2.444 2.351 2.179 1.770 1.553 1.498 1.555 1.623 1.738 1.900 2.209 3.299 3.025 1.348 1.196 1.533 1.791 2.238 2.303 1.663 1.295 1.510 2.092 3.106 3.945 5.642 10.00 10.00 5.369 4.521 3.922 2.574 1.897 1.778 2.027 2.056 1.925 1.927 1.769 1.570 1.218 1.030 0.9937 1.095 1.151 1.121 1.179 1.251 1.217 1.330 1.707 2.065 2.373 2.617 2.300 2.211 2.648 2.308 1.954 2.091 2.385
0.9336 1.016 1.056 1.035 0.9663 0.9248 0.9593 1.014 1.162 1.623 2.168 2.510 2.746 2.615 2.612 2.603 2.215 1.897 1.746 1.715 1.600 1.575 1.713 1.991 2.300 2.487 2.796 4.460 1.681 1.143 1.314 1.692 2.168 2.761 1.896 1.220 1.119 1.489 2.113 2.619 2.874 2.987 2.966 3.038 3.713 5.038 4.971 2.695 1.927 2.062 2.159 1.858 1.779 1.717 1.537 1.238 1.103 1.059 1.133 1.234 1.238 1.299 1.317 1.275 1.462 1.672 1.959 1.932 1.710 1.572 1.632 1.811 1.933 2.389 3.831 6.353
0.9776 0.9698 0.9252 0.8781 0.8008 0.8858 0.9738 1.116 1.318 1.631 1.817 1.908 1.992 2.212 2.303 2.204 2.015 1.828 1.686 1.748 2.085 2.730 3.408 3.787 3.712 8.575 2.527 1.176 1.164 1.326 1.630 2.552 3.168 1.693 1.139 1.155 1.493 1.653 1.599 1.550 1.594 1.763 1.972 2.101 2.325 2.862 2.602 2.262 2.175 1.923 1.778 1.597 1.272 1.114 1.056 1.126 1.271 1.315 1.243 1.255 1.325 1.534 1.578 1.613 1.688 1.493 1.321 1.537 1.875 2.402 2.975 3.920 7.613 11.00 5.547 2.356
1.127 1.249 1.461 1.628 1.765 2.140 2.173 1.859 1.784 1.811 2.119 3.094 4.128 4.449 3.999 5.667 4.201 1.334 1.174 1.246 1.189 1.553 3.535 3.128 1.551 1.114 1.061 1.065 1.059 1.072 1.112 1.171 1.219 1.263 1.457 1.810 3.098 4.067 2.428 1.904 1.731 1.477 1.185 1.054 0.9542 1.029 1.216 1.309 1.228 1.191 1.459 1.678 1.606 1.343 1.302 1.263 1.285 1.543 1.945 2.583 3.248 4.335 10.00 10.00 8.910 4.385 2.134 1.574 1.244 1.053 0.9593 0.9680 1.041 1.133 1.145 1.015
1.629 -9999. 2.029 2.059 1.896 1.720 1.914 2.701 3.313 3.138 2.804 4.071 7.736 1.831 1.324 1.263 1.079 1.058 1.781 5.035 2.363 1.310 1.044 0.9640 0.9566 0.9625 0.9642 0.9737 0.9899 1.024 1.104 1.270 1.819 3.842 6.642 2.782 2.261 1.757 1.335 1.151 0.9446 0.9280 1.104 1.338 1.343 1.274 1.521 1.771 1.647 1.243 1.132 1.165 1.256 1.578 1.992 2.352 2.317 2.336 3.365 10.00 6.747 8.048 3.866 2.286 1.811 1.576 1.475 1.308 1.288 1.339 1.481 1.257 1.044 0.9015 0.8111 0.9989
0.9189 -9999. 0.9897 1.017 1.100 1.214 1.215 1.492 2.021 2.254 1.976 1.755 1.964 2.516 3.001 2.862 2.466 3.367 11.00 2.846 1.694 1.351 1.130 0.9515 1.052 1.857 3.872 2.476 1.540 1.127 1.015 0.9594 0.9189 0.9002 0.9054 0.9560 1.072 1.255 1.605 1.990 3.152 7.340 7.446 2.637 1.483 1.094 0.9270 0.8131 1.023 1.464 1.685 1.651 1.678 1.836 1.691 1.228 1.033 1.025 1.138 1.513 1.943 2.449 2.510 2.101 2.149 3.915 8.612 5.504 7.852 3.837 2.244 1.950 2.160 2.090 1.796 1.662
0.7738 0.9542 1.028 0.9721 0.9775 1.028 1.073 1.265 1.716 1.926 1.749 1.693 2.055 2.448 2.718 2.653 2.984 4.064 7.212 7.983 2.239 1.604 1.313 1.042 0.8919 1.003 1.618 2.721 2.591 1.821 1.324 1.130 1.023 0.9727 0.9880 1.072 1.161 1.288 1.712 2.078 2.294 3.076 6.472 4.432 1.462 1.009 0.9035 0.8053 0.9918 1.351 1.851 1.934 1.803 1.752 1.676 1.279 1.045 0.9706 1.057 1.468 1.959 2.702 2.957 2.156 1.717 1.966 3.188 4.110 5.214 4.897 2.423 1.915 2.395 2.743 2.237 1.839
0.9477 0.9272 0.9429 1.153 1.499 1.615 1.515 1.550 1.895 1.926 1.827 2.328 3.683 4.263 4.029 9.219 3.877 1.768 1.502 1.213 0.9751 0.9350 1.072 1.273 1.601 1.980 2.454 2.156 1.712 1.552 1.649 1.714 1.481 1.281 1.725 2.618 2.908 2.732 3.286 7.734 1.678 1.053 0.9267 0.8059 0.9040 1.076 1.308 1.659 1.821 1.778 1.754 1.538 1.170 1.027 1.085 1.487 1.952 2.659 2.767 2.237 1.698 1.590 1.870 2.355 2.761 3.251 2.438 1.866 2.036 2.264 2.166 2.019 1.932 1.818 1.620 1.256
0.9910 1.178 1.286 1.245 1.312 1.736 1.668 1.569 1.999 2.543 2.951 3.010 3.438 11.00 2.601 1.709 1.312 1.092 1.080 1.099 1.032 0.9888 1.051 1.253 1.742 2.847 4.063 2.931 2.242 1.658 1.333 1.781 2.855 3.441 2.894 2.996 10.00 2.170 1.257 1.045 0.9160 0.8041 0.9302 1.082 1.336 1.861 1.848 1.670 1.516 1.205 1.125 1.292 1.667 1.838 2.260 2.589 2.562 2.065 1.753 1.739 1.876 2.026 2.288 2.097 1.781 1.715 1.786 1.938 2.102 2.153 2.171 2.168 2.093 1.681 1.225 1.145
0.9855 1.021 0.9574 1.022 1.279 1.463 1.613 1.911 2.099 2.296 2.294 2.285 4.055 7.873 2.789 1.607 1.151 1.137 1.132 1.033 0.9133 0.8039 0.8105 0.9198 1.211 3.072 7.955 2.471 1.625 1.451 1.863 2.667 3.033 2.653 2.711 10.00 2.899 1.693 1.199 1.010 0.9235 0.9396 1.061 1.219 1.574 1.591 1.457 1.261 1.123 1.264 2.083 2.235 1.786 1.818 1.969 2.055 2.016 1.968 2.019 2.091 2.024 1.925 1.776 1.713 1.713 1.806 2.020 2.262 2.357 2.442 2.802 2.991 2.316 1.776 1.490 1.238
0.9684 0.8806 0.7977 0.9655 1.078 1.299 1.609 1.699 1.769 1.714 1.633 1.961 3.074 6.082 2.591 1.500 1.163 1.085 1.036 0.9576 0.8835 0.7702 0.7371 0.7920 1.201 3.802 4.203 1.722 1.476 1.830 2.468 2.645 2.163 2.091 5.096 3.566 2.016 1.483 1.152 0.9895 0.9034 1.017 1.185 1.299 1.228 1.181 1.175 1.136 1.704 3.223 3.050 2.254 1.979 1.873 1.805 1.754 1.866 2.333 2.832 2.364 1.959 1.698 1.775 1.987 2.260 2.552 2.859 3.044 3.071 3.184 3.289 3.065 2.451 1.845 1.352 1.148
0.8917 0.9799 1.197 1.529 1.558 1.559 1.530 1.457 1.554 2.010 3.382 9.033 3.329 1.865 1.267 1.077 1.030 1.027 0.9669 0.8930 0.8016 0.9293 1.533 9.501 2.252 1.646 1.872 2.409 2.486 1.880 1.644 2.939 6.927 2.572 1.624 1.208 0.9905 0.8135 0.9611 1.120 1.210 1.067 1.018 1.089 1.166 1.687 2.425 3.380 4.175 4.124 3.195 2.576 2.090 1.900 2.320 3.241 2.735 2.608 1.975 1.890 2.207 2.548 2.731 3.128 3.547 3.167 2.710 3.092 4.075 3.823 2.545 1.794 1.296 1.149 1.133 1.208
