B/P-1/test_case/TRfs_min_kerala_1.asc
ncols         735
nrows         742
xllcorner     697287.30791772006
yllcorner     1083832.4022503800
cellsize      30
NODATA_value  -9999.
[rows 578 to 611 of 742, columns 152 to 227 of 735]
1.687 1.744 1.942 1.803 1.365 1.017 0.9861 1.215 1.629 1.706 1.784 1.880 1.976 2.102 2.427 3.098 8.135 2.551 0.9863 0.9636 2.245 10.00 11.00 11.00 11.00 11.00 11.00 11.00 11.00 11.00 11.00 11.00 11.00 11.00 11.00 11.00 11.00 11.00 11.00 11.00 11.00 11.00 11.00 11.00 11.00 11.00 11.00 11.00 11.00 11.00 11.00 11.00 11.00 11.00 11.00 11.00 11.00 11.00 11.00 11.00 11.00 10.00 1.982 0.6581 0.3595 0.2611 11.00 0.2483 0.2601 0.2692 0.2780 0.3570 0.4685 0.5685 0.6483 0.8156
1.155 1.006 1.099 1.358 1.438 1.477 1.498 1.578 1.807 2.480 4.861 11.00 3.632 1.371 0.9897 1.663 6.938 11.00 11.00 11.00 11.00 11.00 11.00 11.00 11.00 11.00 11.00 11.00 11.00 11.00 11.00 11.00 11.00 11.00 11.00 11.00 11.00 11.00 11.00 11.00 11.00 11.00 11.00 11.00 11.00 11.00 11.00 11.00 11.00 11.00 11.00 11.00 11.00 11.00 11.00 11.00 11.00 10.00 2.852 1.164 0.5678 0.3484 0.3114 0.3573 0.4041 0.4043 0.4017 0.4145 0.4754 0.5597 0.6576 0.8370 0.9702 1.101 1.240 1.519
1.196 1.388 1.554 1.719 1.875 2.230 3.022 4.461 3.313 1.662 1.107 1.424 4.131 11.00 11.00 11.00 11.00 11.00 11.00 11.00 11.00 11.00 11.00 11.00 11.00 11.00 11.00 11.00 11.00 11.00 11.00 11.00 11.00 11.00 11.00 11.00 11.00 11.00 11.00 11.00 11.00 11.00 11.00 11.00 11.00 11.00 11.00 11.00 11.00 11.00 11.00 11.00 11.00 11.00 10.00 1.216 0.5028 0.3987 0.3977 0.4127 0.4663 0.4676 0.4226 0.4199 0.4231 0.4606 0.5087 0.7158 0.8767 1.014 1.127 1.243 1.473 1.717 2.069 2.248
1.217 1.439 1.691 1.898 2.181 2.642 2.959 3.054 2.423 1.729 1.206 1.221 3.112 11.00 11.00 11.00 11.00 11.00 11.00 11.00 11.00 11.00 11.00 11.00 11.00 11.00 -9999. 11.00 11.00 11.00 11.00 11.00 11.00 11.00 11.00 11.00 11.00 11.00 11.00 11.00 11.00 11.00 11.00 11.00 11.00 11.00 11.00 11.00 11.00 11.00 11.00 11.00 11.00 11.00 11.00 3.273 0.6255 0.2762 0.3167 0.4018 0.4005 0.4029 0.4033 0.4073 0.4217 0.4751 0.4771 0.4967 0.6362 0.8446 0.9577 1.014 1.090 1.212 1.455 1.633
1.453 1.536 1.445 1.394 1.457 1.663 2.235 3.259 3.781 3.116 2.140 1.636 1.191 1.211 3.095 11.00 11.00 11.00 11.00 11.00 11.00 11.00 11.00 11.00 11.00 11.00 -9999. 11.00 11.00 11.00 11.00 11.00 11.00 11.00 11.00 11.00 11.00 11.00 11.00 11.00 11.00 11.00 11.00 11.00 11.00 11.00 11.00 11.00 11.00 11.00 11.00 11.00 11.00 11.00 11.00 11.00 10.00 1.448 0.3640 0.2535 0.3979 0.5536 0.4793 0.4148 0.4066 0.4169 0.4712 0.5534 0.5712 0.5499 0.5920 0.7441 0.8199 0.8522 0.9210 1.043
1.124 1.205 1.185 1.139 1.148 1.420 1.877 2.470 3.190 2.665 1.702 1.150 1.008 1.451 4.552 11.00 11.00 11.00 11.00 11.00 11.00 11.00 11.00 11.00 11.00 11.00 11.00 11.00 11.00 11.00 11.00 11.00 11.00 11.00 11.00 11.00 11.00 11.00 11.00 11.00 11.00 11.00 11.00 11.00 11.00 11.00 11.00 11.00 11.00 11.00 11.00 11.00 11.00 11.00 11.00 4.186 0.8238 0.3058 0.2692 0.5809 1.161 1.359 0.9400 0.7691 0.6440 0.5863 0.5981 0.6091 0.5546 0.4999 0.5808 0.6210 0.6474 0.7540 0.8704 0.9522
1.112 1.198 1.414 1.657 1.800 1.798 1.975 1.583 1.018 0.8516 1.038 2.403 10.00 11.00 11.00 11.00 11.00 11.00 11.00 11.00 11.00 11.00 11.00 11.00 11.00 11.00 11.00 11.00 11.00 11.00 11.00 11.00 11.00 11.00 11.00 11.00 11.00 11.00 11.00 11.00 11.00 11.00 11.00 11.00 11.00 11.00 11.00 11.00 11.00 11.00 11.00 11.00 11.00 2.224 0.6485 0.3962 0.4068 0.6020 0.8979 1.194 1.630 2.091 2.121 0.9624 0.7216 0.6342 0.5830 0.4963 0.4944 0.5102 0.5671 0.6019 0.7350 0.8330 0.8852 0.9584
1.985 1.601 1.202 1.115 0.9454 0.7937 0.9203 2.002 9.792 11.00 11.00 11.00 11.00 11.00 11.00 11.00 11.00 11.00 11.00 11.00 11.00 11.00 11.00 11.00 11.00 11.00 11.00 11.00 11.00 11.00 11.00 11.00 11.00 11.00 11.00 11.00 11.00 11.00 11.00 11.00 11.00 11.00 11.00 11.00 11.00 11.00 11.00 11.00 11.00 11.00 2.035 0.7636 0.4939 0.4108 0.4235 0.5573 0.6168 0.7222 0.8199 1.239 3.716 1.148 0.8057 0.6598 0.5958 0.5635 0.5573 0.5588 0.5664 0.6164 0.7317 0.8057 0.9096 1.036 1.096 1.058
0.9048 0.9016 0.8434 0.9042 1.809 9.052 11.00 11.00 11.00 11.00 11.00 11.00 11.00 11.00 11.00 11.00 11.00 11.00 11.00 11.00 11.00 11.00 11.00 11.00 11.00 11.00 11.00 11.00 11.00 11.00 11.00 11.00 11.00 11.00 11.00 11.00 11.00 11.00 11.00 11.00 11.00 11.00 11.00 11.00 11.00 11.00 11.00 11.00 2.793 1.001 0.5931 0.3974 0.3127 0.3582 0.4204 0.4950 0.5677 0.6132 0.9076 2.572 3.507 1.193 0.8198 0.6475 0.6024 0.5751 0.5587 0.5796 0.6241 0.7402 0.8441 0.9640 1.024 1.004 1.047 1.153
1.343 4.986 11.00 11.00 11.00 11.00 11.00 11.00 11.00 11.00 11.00 11.00 11.00 11.00 11.00 11.00 11.00 11.00 11.00 11.00 11.00 11.00 11.00 11.00 11.00 11.00 11.00 11.00 11.00 11.00 11.00 11.00 11.00 11.00 11.00 11.00 11.00 11.00 11.00 11.00 11.00 11.00 11.00 11.00 11.00 6.824 2.235 1.087 0.6414 0.4610 0.3619 0.3594 0.4068 0.4600 0.4249 0.4745 0.6041 0.9390 2.476 2.523 1.095 0.8096 0.6305 0.5708 0.5715 0.6135 0.7206 0.7893 0.8612 0.9195 0.9570 1.035 1.134 1.161 1.186 1.408
11.00 11.00 11.00 11.00 11.00 11.00 11.00 11.00 11.00 11.00 11.00 11.00 11.00 11.00 11.00 11.00 11.00 11.00 11.00 11.00 11.00 11.00 11.00 11.00 11.00 11.00 11.00 11.00 11.00 11.00 11.00 11.00 11.00 11.00 11.00 11.00 11.00 11.00 11.00 11.00 10.00 3.859 1.681 0.9050 0.5988 0.4653 0.4149 0.4232 0.4223 0.4208 0.4752 0.5580 0.7121 1.069 2.611 3.038 1.148 0.7731 0.6376 0.6423 0.7244 0.7615 0.7787 0.7922 0.8323 0.9391 1.085 1.169 1.248 1.557 1.788 1.806 1.572 1.344 1.163 1.060
11.00 11.00 11.00 11.00 11.00 11.00 11.00 11.00 11.00 11.00 11.00 11.00 11.00 11.00 11.00 11.00 11.00 11.00 11.00 11.00 11.00 11.00 11.00 11.00 11.00 11.00 11.00 11.00 11.00 11.00 11.00 11.00 11.00 11.00 11.00 11.00 11.00 6.307 2.510 1.113 0.6653 0.5782 0.5728 0.5718 -9999. 0.5707 0.5836 0.5877 0.5855 0.6376 0.8335 1.218 3.954 2.572 1.051 0.7957 0.7625 0.7880 0.7775 0.7448 0.7518 0.8465 1.042 1.230 1.423 1.630 1.911 2.070 1.921 1.624 1.484 1.252 1.098 1.075 1.137 1.109
11.00 11.00 11.00 11.00 11.00 11.00 11.00 11.00 11.00 11.00 11.00 11.00 11.00 11.00 11.00 11.00 11.00 11.00 11.00 11.00 11.00 11.00 11.00 11.00 11.00 11.00 11.00 11.00 11.00 11.00 11.00 11.00 11.00 11.00 11.00 11.00 -9999. 11.00 11.00 10.00 2.578 1.064 0.8224 0.7912 0.7663 0.7500 0.7576 0.7221 0.6205 0.6170 0.6438 0.7405 0.9226 1.830 10.00 1.442 0.9249 0.8755 0.8423 0.7640 0.7254 0.7862 0.9491 1.148 1.384 1.554 1.780 1.918 1.854 1.685 1.633 1.628 1.453 1.366 1.404 1.245
11.00 11.00 11.00 11.00 11.00 11.00 11.00 11.00 11.00 11.00 11.00 11.00 11.00 11.00 11.00 11.00 11.00 11.00 11.00 11.00 11.00 11.00 11.00 11.00 11.00 11.00 11.00 11.00 11.00 11.00 11.00 11.00 11.00 11.00 11.00 11.00 11.00 11.00 11.00 11.00 11.00 5.579 1.636 1.017 0.9039 0.8307 0.7958 0.8271 0.8039 0.6655 0.6328 0.6391 0.6423 0.7319 0.8883 1.477 10.00 1.981 1.135 0.9801 0.8438 0.7365 0.7515 0.8487 0.9781 1.144 1.423 1.623 1.710 1.724 1.721 1.741 1.796 1.680 1.594 1.601
11.00 11.00 11.00 11.00 11.00 11.00 11.00 11.00 11.00 11.00 11.00 11.00 11.00 11.00 11.00 11.00 11.00 11.00 11.00 11.00 11.00 11.00 11.00 11.00 11.00 11.00 11.00 11.00 11.00 11.00 11.00 11.00 11.00 11.00 11.00 11.00 11.00 11.00 9.612 2.402 1.243 0.9447 0.8144 0.7702 0.8094 0.8558 0.8103 0.7566 0.7387 0.7153 0.7220 0.7800 0.8833 1.244 4.365 2.718 1.381 0.9536 0.7879 0.7706 0.7991 0.8555 0.9906 1.168 1.397 1.507 1.620 1.715 1.772 1.804 1.725 1.658 1.644 1.566 1.388 1.122
11.00 11.00 11.00 11.00 11.00 11.00 11.00 11.00 11.00 11.00 11.00 11.00 11.00 11.00 11.00 11.00 11.00 11.00 11.00 11.00 11.00 11.00 11.00 11.00 11.00 11.00 11.00 11.00 11.00 11.00 11.00 11.00 11.00 4.311 1.909 1.118 0.8668 0.7943 0.7988 0.8298 0.8563 0.8550 0.8327 0.7899 0.7599 0.7598 0.7890 0.8743 1.186 3.218 2.562 1.093 0.8478 0.8177 0.7903 0.7782 0.8539 0.9523 1.011 1.124 1.382 1.536 1.622 1.650 1.578 1.548 1.676 1.786 1.676 1.438 1.148 1.056 1.030 0.9705 1.008 1.146
10.00 11.00 11.00 11.00 11.00 11.00 11.00 11.00 11.00 11.00 11.00 11.00 11.00 11.00 11.00 11.00 11.00 11.00 11.00 11.00 11.00 11.00 11.00 -9999. -9999. 11.00 11.00 11.00 11.00 11.00 11.00 11.00 11.00 10.00 4.017 1.818 1.057 0.8772 0.8310 0.7878 0.7767 0.8083 0.8301 0.8220 0.7926 0.7558 0.7430 0.7474 0.8026 1.152 5.258 2.071 1.028 0.8889 0.8107 0.7480 0.7804 0.8304 0.8537 0.9471 1.120 1.230 1.229 1.225 1.344 1.455 1.730 2.029 2.019 1.825 1.587 1.427 1.171 1.009 0.9371 0.9129
1.258 1.983 5.134 11.00 11.00 11.00 11.00 11.00 11.00 11.00 11.00 11.00 11.00 11.00 11.00 11.00 11.00 11.00 11.00 11.00 11.00 11.00 11.00 11.00 11.00 11.00 11.00 11.00 11.00 11.00 11.00 11.00 11.00 10.00 3.598 1.603 1.026 0.9003 0.8121 0.7434 0.7402 0.7669 0.7976 0.8024 0.7640 0.7272 0.6227 0.5814 0.6562 1.005 2.742 3.064 1.243 0.9239 0.7888 0.7944 0.8358 0.8339 0.8574 0.9760 1.107 1.144 1.155 1.210 1.373 1.532 1.747 1.825 1.854 1.864 1.675 1.516 1.384 1.085 0.9475 0.9269
11.00 11.00 11.00 11.00 11.00 11.00 11.00 11.00 11.00 11.00 11.00 11.00 11.00 11.00 11.00 11.00 11.00 11.00 11.00 11.00 11.00 11.00 11.00 11.00 11.00 11.00 10.00 3.437 1.676 1.121 0.9237 0.8064 0.7505 0.7319 0.7568 0.7701 0.7427 0.7379 0.6357 0.5488 0.5008 0.5913 0.8155 1.762 8.997 1.628 0.9756 0.8835 0.8859 0.8485 -9999. 0.8077 0.8592 1.020 1.186 1.243 1.226 1.197 1.238 1.460 1.549 1.666 1.746 1.558 1.627 1.815 1.608 1.196 0.9867 0.9277 0.9226 0.9749 1.071 1.189 1.514 1.862
11.00 11.00 11.00 11.00 11.00 11.00 11.00 11.00 11.00 11.00 11.00 11.00 11.00 11.00 11.00 11.00 11.00 11.00 11.00 11.00 11.00 11.00 11.00 11.00 11.00 11.00 11.00 4.823 2.102 1.209 0.9590 0.8407 0.7543 0.7243 0.7162 0.6554 0.7298 0.7404 0.6183 0.5655 0.5502 0.5723 0.7403 1.225 7.675 2.021 1.085 0.9208 -9999. -9999. -9999. 0.8662 0.8211 0.8200 0.9004 1.035 1.117 1.096 1.059 1.088 1.187 1.385 1.624 1.693 1.544 1.638 1.877 1.971 1.704 1.171 0.9569 0.8991 0.9247 0.9983 1.144 1.576
11.00 11.00 11.00 11.00 11.00 11.00 11.00 11.00 11.00 11.00 11.00 11.00 11.00 11.00 11.00 11.00 11.00 11.00 11.00 11.00 11.00 11.00 11.00 11.00 11.00 11.00 11.00 11.00 11.00 5.769 2.141 1.345 0.9970 0.8443 0.7594 0.6643 0.6285 0.6306 0.6457 0.6180 0.5824 0.5546 0.4999 0.5583 -9999. -9999. -9999. -9999. -9999. -9999. -9999. 0.7138 1.087 3.102 2.109 1.142 0.9430 0.8494 0.8103 0.8032 0.8517 0.9382 0.9713 0.9602 0.9737 1.042 1.177 1.480 1.588 1.734 1.881 1.881 2.016 2.091 1.680 1.174
0.8459 1.095 2.396 10.00 11.00 11.00 11.00 11.00 11.00 11.00 11.00 11.00 11.00 11.00 11.00 11.00 11.00 11.00 11.00 11.00 11.00 11.00 11.00 11.00 11.00 11.00 11.00 11.00 11.00 11.00 11.00 11.00 11.00 11.00 11.00 5.657 2.448 1.508 1.055 0.8972 0.8029 0.7242 0.6380 0.6198 0.6014 0.5835 0.5642 0.5028 0.5049 0.5895 0.7237 0.9698 1.718 2.379 1.522 0.9464 0.8098 0.7768 0.7930 0.8585 0.8952 0.8844 0.8900 0.9806 1.132 1.167 1.225 1.624 2.001 1.963 1.933 2.050 1.986 1.635 1.347 1.186
5.365 7.016 4.518 4.429 6.475 10.00 11.00 11.00 11.00 11.00 11.00 11.00 11.00 11.00 11.00 11.00 11.00 11.00 11.00 11.00 11.00 11.00 11.00 11.00 11.00 11.00 11.00 11.00 11.00 11.00 11.00 11.00 11.00 10.00 3.852 2.003 1.366 1.023 0.8940 0.8261 0.7697 0.7259 0.6356 0.5839 0.4976 0.4884 0.5544 0.5807 0.6451 0.8414 1.234 3.153 1.896 1.029 0.8719 0.8273 0.8344 0.8352 0.8327 0.8570 0.9472 1.043 1.030 1.031 1.194 1.685 1.911 1.895 1.886 1.973 1.902 1.544 1.377 1.370 1.362 1.258
1.645 3.287 10.00 11.00 11.00 11.00 11.00 11.00 11.00 11.00 11.00 11.00 11.00 11.00 11.00 11.00 11.00 11.00 11.00 11.00 11.00 11.00 11.00 11.00 11.00 11.00 11.00 11.00 11.00 11.00 6.760 2.706 1.534 1.083 0.9899 0.8972 0.7884 0.7170 0.6011 0.4909 0.4616 0.4657 0.4691 0.4928 0.5901 0.7488 0.9850 2.138 4.449 1.481 0.9800 0.8808 0.8616 0.8645 0.8793 0.9023 0.9097 0.9317 0.9423 1.015 1.256 1.595 1.767 1.839 1.981 2.029 1.636 1.258 1.227 1.384 1.479 1.525 1.587 1.847 2.007 1.964
10.00 11.00 11.00 11.00 11.00 11.00 11.00 11.00 11.00 11.00 11.00 11.00 11.00 11.00 11.00 11.00 11.00 11.00 11.00 11.00 11.00 11.00 11.00 11.00 11.00 11.00 11.00 10.00 3.354 1.755 1.244 1.045 0.8678 0.7675 0.6484 0.5566 0.4652 0.4072 0.3622 0.4001 0.4700 0.5642 0.6173 0.7989 1.421 5.365 2.217 1.400 1.146 1.042 0.9665 0.9060 0.8623 0.8796 0.8998 0.9348 1.060 1.221 1.530 1.778 1.956 1.984 1.724 1.427 1.259 1.400 1.500 1.576 1.644 1.721 1.673 1.665 1.625 1.619 2.000 1.543
10.00 11.00 11.00 11.00 11.00 11.00 11.00 11.00 11.00 11.00 11.00 11.00 11.00 11.00 11.00 11.00 11.00 11.00 11.00 11.00 11.00 11.00 11.00 11.00 11.00 11.00 11.00 11.00 5.609 2.836 1.974 1.404 0.9840 0.8263 0.6475 0.5753 0.4868 0.4010 0.3576 0.4130 0.4869 0.5546 0.5998 0.7123 0.9190 1.943 7.553 5.550 2.137 1.439 1.041 0.9068 0.8875 0.8913 0.8992 0.9627 1.077 1.342 1.621 1.854 1.873 1.753 1.606 1.524 1.552 1.606 1.689 1.925 2.110 1.949 1.772 1.562 1.430 1.664 1.733 1.560
1.871 10.00 11.00 11.00 11.00 11.00 11.00 11.00 11.00 11.00 11.00 11.00 11.00 11.00 11.00 11.00 11.00 11.00 11.00 11.00 11.00 11.00 11.00 11.00 11.00 11.00 11.00 11.00 11.00 11.00 7.878 3.351 1.714 1.102 0.8377 0.7213 0.6206 -9999. 0.4807 0.3642 0.4021 0.4604 0.4890 0.5638 0.5764 0.5918 0.7261 0.8774 1.365 3.204 9.528 1.890 1.074 0.9413 0.9341 0.9312 0.9536 1.023 1.154 1.458 1.715 1.836 1.739 1.692 1.638 1.602 1.643 1.817 2.350 2.809 2.580 2.323 1.895 1.549 1.711 2.776
1.647 8.367 11.00 11.00 11.00 11.00 11.00 11.00 11.00 11.00 11.00 11.00 11.00 11.00 11.00 11.00 11.00 11.00 11.00 11.00 11.00 11.00 11.00 11.00 11.00 11.00 11.00 11.00 11.00 11.00 10.00 4.038 1.999 1.125 0.8151 0.7164 0.5675 0.4142 0.3968 0.3988 0.4169 0.4779 0.4893 0.4963 0.5611 0.6036 0.7294 0.9279 1.488 6.203 2.242 1.167 1.043 1.014 1.015 1.032 1.100 1.246 1.510 1.668 1.624 1.660 -9999. 1.675 1.556 1.532 1.739 2.194 2.552 2.734 2.949 2.766 2.172 1.973 3.760 2.767
1.467 2.079 3.933 10.00 11.00 11.00 11.00 11.00 11.00 11.00 11.00 11.00 11.00 11.00 11.00 11.00 11.00 11.00 11.00 11.00 11.00 11.00 11.00 11.00 11.00 11.00 11.00 11.00 11.00 11.00 6.242 2.461 1.200 0.8534 0.6372 0.4921 0.4177 0.3982 0.3982 0.4075 0.4137 0.4662 0.4969 0.5661 0.6056 0.6494 0.7470 0.9423 2.342 4.288 1.556 1.118 1.063 1.045 1.079 1.179 1.357 1.422 1.423 1.457 1.485 1.383 1.236 1.416 1.530 1.658 1.926 2.282 2.474 2.292 1.878 2.406 3.626 1.909 2.630 5.973
2.061 4.858 11.00 11.00 11.00 11.00 11.00 11.00 11.00 11.00 11.00 11.00 11.00 11.00 11.00 11.00 11.00 11.00 11.00 11.00 11.00 -9999. 11.00 11.00 11.00 11.00 11.00 11.00 10.00 3.200 1.556 0.9181 0.6413 0.5521 0.4781 0.4587 0.4122 0.4161 0.4829 0.5052 0.5510 0.5823 0.6030 0.5979 0.5989 0.7679 1.562 5.304 1.479 1.074 1.052 1.111 1.211 1.343 1.352 1.367 1.231 1.167 1.092 1.026 1.048 1.077 1.134 1.414 1.739 1.954 1.886 1.598 1.667 2.483 2.223 2.377 6.147 2.977 2.049 2.503
8.282 11.00 11.00 11.00 11.00 11.00 11.00 11.00 11.00 11.00 11.00 11.00 11.00 11.00 11.00 11.00 11.00 11.00 11.00 11.00 11.00 11.00 -9999. 11.00 11.00 11.00 11.00 11.00 4.713 1.843 0.9788 0.7122 0.5821 0.5046 0.4624 0.4121 0.4725 0.5038 0.5075 0.5091 0.5654 0.6013 0.6141 0.6259 0.7767 1.535 3.495 1.249 1.084 1.145 1.229 1.232 1.255 1.403 1.244 1.144 1.106 1.061 1.057 1.053 1.056 1.165 1.542 1.782 1.728 1.506 1.492 2.010 2.832 2.479 4.474 3.117 2.039 2.165 2.309 2.464
11.00 11.00 11.00 11.00 11.00 11.00 11.00 11.00 11.00 11.00 11.00 11.00 11.00 11.00 11.00 11.00 11.00 11.00 11.00 11.00 11.00 11.00 11.00 -9999. 11.00 11.00 11.00 11.00 5.939 2.068 1.024 0.7591 0.6255 0.5505 0.4218 0.3980 0.3972 0.4129 0.4251 0.4806 0.5878 0.6458 0.6290 0.6116 0.7791 2.123 2.713 1.214 1.095 1.091 1.084 1.106 1.169 1.183 1.153 1.215 1.373 1.366 1.254 1.191 1.144 1.381 1.627 1.731 1.648 1.624 1.917 2.975 2.810 3.671 3.729 2.364 2.546 2.778 2.941 3.024
10.00 11.00 11.00 11.00 11.00 11.00 11.00 11.00 11.00 11.00 11.00 11.00 11.00 11.00 11.00 11.00 11.00 11.00 11.00 11.00 11.00 11.00 11.00 11.00 11.00 11.00 11.00 11.00 8.321 2.655 1.423 0.9623 0.7943 0.6434 0.5046 0.4128 0.4157 0.4688 0.4725 0.5622 0.6281 0.6381 0.6063 0.5924 0.8636 3.204 3.015 1.440 1.053 0.9668 0.9463 0.9852 1.042 1.043 1.116 1.366 1.466 1.520 1.464 1.244 1.368 1.546 1.699 1.706 1.677 1.735 2.252 3.083 3.557 4.922 2.862 2.757 3.047 3.440 3.415 3.158
11.00 11.00 11.00 11.00 11.00 11.00 11.00 11.00 11.00 11.00 11.00 11.00 11.00 11.00 11.00 11.00 11.00 11.00 11.00 11.00 11.00 11.00 11.00 11.00 11.00 11.00 11.00 4.907 2.004 1.170 0.9935 0.9075 0.7738 0.7122 0.6212 0.5087 0.5672 0.6167 0.6252 0.6281 0.5846 0.6097 0.8507 1.496 6.186 2.626 1.209 0.9545 0.9127 0.9468 0.9562 1.015 1.141 1.354 1.464 1.475 1.411 1.412 1.440 1.463 1.494 1.543 1.587 1.897 2.986 3.685 4.722 3.270 2.668 2.737 3.073 3.074 3.397 3.770 3.590 4.404
