B/P-1/test_case/TRfs_min_kerala_1.asc
ncols         735
nrows         742
xllcorner     697287.30791772006
yllcorner     1083832.4022503800
cellsize      30
NODATA_value  -9999.
[rows 680 to 713 of 742, columns 608 to 683 of 735]
1.376 1.464 1.526 1.814 2.312 6.241 4.039 1.996 1.244 0.9373 1.640 10.00 11.00 11.00 11.00 11.00 11.00 11.00 11.00 11.00 11.00 11.00 11.00 11.00 11.00 11.00 11.00 11.00 11.00 11.00 11.00 11.00 11.00 11.00 11.00 11.00 11.00 11.00 11.00 11.00 11.00 11.00 11.00 11.00 11.00 2.870 1.190 1.203 1.955 2.828 2.158 1.607 1.247 1.060 1.022 1.147 1.453 1.619 2.779 5.236 1.951 1.462 1.169 1.000 0.8900 0.8196 0.7613 0.7336 0.7369 0.8195 1.887 2.643 1.852 1.673 1.471 1.257
2.213 1.887 2.743 3.797 2.112 1.258 0.9009 1.654 11.00 11.00 11.00 11.00 11.00 11.00 11.00 11.00 11.00 11.00 11.00 11.00 11.00 11.00 11.00 11.00 11.00 11.00 11.00 11.00 11.00 11.00 11.00 11.00 11.00 11.00 11.00 11.00 11.00 11.00 11.00 11.00 11.00 11.00 2.620 1.168 1.205 2.067 3.272 2.379 1.551 1.228 1.370 1.636 1.871 1.894 1.702 1.717 2.565 8.707 2.777 1.691 1.385 1.103 0.9561 0.8432 0.7672 0.7285 0.7281 1.195 2.311 1.597 1.500 1.441 1.490 1.768 2.590 7.100
1.610 2.132 2.912 1.988 0.9066 1.169 9.624 11.00 11.00 11.00 11.00 11.00 11.00 11.00 11.00 11.00 11.00 11.00 11.00 11.00 11.00 11.00 11.00 11.00 11.00 11.00 11.00 11.00 11.00 11.00 11.00 11.00 11.00 11.00 11.00 11.00 11.00 11.00 11.00 11.00 3.069 1.214 1.081 1.612 2.555 3.018 2.236 1.576 1.255 1.454 1.779 1.912 1.670 1.409 1.360 1.669 3.309 3.549 1.823 1.438 1.138 0.9215 0.7533 0.6316 0.6033 0.8679 1.810 1.598 1.493 1.588 2.050 3.046 2.817 3.136 4.136 1.743
11.00 11.00 11.00 11.00 11.00 11.00 11.00 11.00 11.00 11.00 11.00 11.00 11.00 11.00 11.00 11.00 11.00 11.00 11.00 11.00 11.00 11.00 11.00 11.00 11.00 11.00 11.00 11.00 11.00 11.00 11.00 11.00 5.212 1.577 1.018 1.195 1.903 2.290 2.362 2.131 1.502 1.202 1.417 1.709 1.745 1.504 1.245 1.243 1.580 3.027 4.324 2.027 1.404 1.015 0.8171 0.6592 0.5987 0.7435 1.367 1.848 1.727 1.992 3.938 3.174 1.951 1.854 3.445 2.043 1.233 1.160 1.180 1.193 1.359 1.369 1.117 0.9717
11.00 11.00 11.00 11.00 11.00 11.00 11.00 11.00 11.00 11.00 11.00 11.00 11.00 11.00 11.00 11.00 11.00 11.00 11.00 11.00 11.00 11.00 11.00 11.00 11.00 10.00 2.116 1.019 1.004 1.527 1.889 1.943 2.254 2.074 1.504 1.251 1.496 1.660 1.667 1.603 1.502 1.379 1.462 2.365 10.00 2.545 1.419 1.025 0.8553 0.7182 0.7292 0.9952 1.784 2.399 3.532 3.330 1.928 1.807 1.582 2.178 2.853 1.233 1.026 1.000 1.014 1.149 1.513 1.359 0.9854 0.8797 1.124 1.189 0.7918 0.7766 1.007 1.093
11.00 11.00 11.00 11.00 11.00 11.00 11.00 11.00 11.00 11.00 11.00 11.00 11.00 11.00 11.00 11.00 11.00 11.00 2.791 1.048 0.9040 1.190 1.708 1.891 2.088 2.378 2.128 1.506 1.241 1.220 1.226 1.246 1.355 1.244 1.211 1.388 2.052 6.141 2.271 1.258 1.041 0.8490 0.7433 0.7758 0.9873 1.763 6.689 2.653 2.026 2.246 1.718 1.774 2.842 1.385 0.9486 0.8988 0.8993 0.9504 -9999. -9999. 1.066 1.019 0.8669 0.7279 0.7790 1.120 0.9704 0.7938 0.9686 1.758 1.787 1.109 0.8598 0.7931 0.8444 0.9122
11.00 11.00 11.00 11.00 11.00 11.00 11.00 11.00 11.00 11.00 11.00 11.00 11.00 11.00 11.00 11.00 11.00 11.00 11.00 4.107 1.185 0.8510 0.9929 1.423 1.691 1.894 2.244 2.899 2.065 1.440 1.165 1.071 1.013 1.053 1.177 1.356 1.252 1.426 1.928 3.761 2.350 1.470 1.084 0.8950 0.8245 0.8736 1.055 1.437 1.736 2.651 4.261 2.105 1.661 2.054 1.549 0.9865 0.8654 0.8062 0.8224 -9999. 0.9810 0.9719 0.8769 0.7537 0.7272 0.9317 1.398 1.033 0.9710 1.257 2.688 2.956 1.399 0.9451 0.8555 0.8461
11.00 11.00 11.00 11.00 11.00 11.00 11.00 11.00 11.00 11.00 11.00 11.00 11.00 11.00 11.00 11.00 11.00 11.00 11.00 8.655 1.712 0.8563 0.8649 1.148 1.453 1.610 1.812 2.336 3.151 2.384 1.733 1.380 1.091 1.052 1.151 1.235 1.160 1.086 1.123 1.473 3.176 4.002 1.790 1.364 1.132 1.084 1.007 0.9024 0.8965 1.205 3.034 6.745 2.063 1.962 1.901 1.079 0.8621 0.7706 0.7826 1.023 1.538 1.575 1.120 0.8859 0.9205 1.471 1.717 1.204 1.207 1.724 3.961 3.666 1.638 1.078 0.9090 0.8444
11.00 11.00 11.00 11.00 11.00 11.00 11.00 11.00 11.00 11.00 11.00 11.00 11.00 11.00 11.00 11.00 11.00 11.00 11.00 11.00 11.00 11.00 11.00 3.009 0.9986 0.7911 0.9758 1.228 1.395 1.429 1.548 2.032 2.943 2.749 2.095 1.579 1.173 1.135 1.230 1.154 1.032 0.9879 1.030 1.358 2.693 7.137 2.876 1.690 1.258 1.092 0.9136 0.7688 0.7819 1.006 1.882 6.979 2.517 1.950 1.168 0.9084 0.8285 0.8512 0.9846 1.492 3.545 3.849 1.587 1.118 1.251 1.988 1.712 1.497 1.707 2.541 5.825 4.244
11.00 11.00 11.00 11.00 11.00 11.00 11.00 11.00 11.00 11.00 11.00 11.00 11.00 11.00 11.00 11.00 11.00 11.00 11.00 11.00 11.00 11.00 11.00 11.00 7.167 1.579 0.8105 0.7939 1.038 1.194 1.141 1.121 1.353 1.820 2.493 2.977 2.443 1.463 1.104 1.203 1.430 1.386 1.209 1.122 1.110 1.562 2.428 5.064 8.091 2.655 1.712 1.257 0.9680 0.7868 0.7666 0.9000 1.586 4.707 2.683 1.520 1.064 0.9732 0.9980 0.9964 1.011 1.344 2.662 10.00 2.682 1.909 2.261 2.401 2.015 2.056 2.232 2.839
10.00 10.00 11.00 11.00 11.00 11.00 11.00 11.00 11.00 11.00 11.00 11.00 11.00 11.00 11.00 11.00 11.00 11.00 11.00 11.00 11.00 11.00 11.00 11.00 11.00 11.00 11.00 3.667 1.120 0.7599 0.8601 1.069 1.050 0.9860 1.019 1.215 1.678 2.361 3.318 1.984 1.192 1.091 1.240 1.513 1.570 1.419 1.190 1.443 1.772 1.894 2.202 3.509 4.898 2.727 1.811 1.040 0.7636 0.7394 0.8511 1.143 1.729 1.610 1.190 1.097 1.095 0.9857 0.8953 0.9440 1.217 1.897 2.846 6.364 10.00 5.241 3.182 2.597
3.805 11.00 11.00 11.00 11.00 11.00 11.00 11.00 11.00 11.00 11.00 11.00 11.00 11.00 11.00 11.00 11.00 11.00 11.00 11.00 11.00 11.00 11.00 11.00 11.00 11.00 11.00 2.564 0.9919 0.8351 0.9665 1.041 0.9665 0.9158 1.006 1.199 1.663 2.734 3.423 1.862 1.173 1.024 1.034 1.063 1.065 1.049 1.147 1.428 1.474 1.554 1.926 3.456 9.922 5.170 2.047 0.9946 0.8112 0.8234 0.8703 0.9891 1.049 1.004 1.063 1.120 0.9855 0.8721 0.8867 1.010 1.107 1.225 1.693 2.801 4.339 3.867 3.071 2.389
11.00 11.00 11.00 11.00 11.00 11.00 11.00 11.00 11.00 11.00 11.00 11.00 11.00 11.00 11.00 11.00 11.00 11.00 11.00 11.00 11.00 11.00 11.00 11.00 7.731 1.871 0.9803 0.8875 1.006 0.9895 0.8757 0.8996 0.9861 1.173 1.956 4.527 5.697 2.196 1.164 0.8835 0.7792 0.7630 0.8112 0.9274 1.080 1.177 1.344 1.538 2.260 5.055 11.00 6.521 1.797 1.072 0.9961 0.9494 0.9240 0.8954 0.8578 0.9980 1.191 1.110 0.9290 0.9228 1.006 0.9839 0.9856 1.063 1.347 1.748 2.230 2.461 2.333 1.936 1.587 1.479
11.00 11.00 11.00 11.00 11.00 11.00 11.00 11.00 11.00 11.00 11.00 11.00 11.00 11.00 11.00 11.00 11.00 11.00 11.00 11.00 11.00 11.00 11.00 4.979 1.571 0.8990 0.9602 1.070 0.9208 0.8841 0.9090 1.024 1.587 2.904 4.003 3.239 1.942 1.170 0.8719 0.7507 0.7422 0.8120 0.8851 0.9547 0.9965 1.020 1.211 1.835 2.795 5.238 3.991 1.667 1.183 1.094 1.006 0.9130 0.8495 0.9884 1.146 1.137 1.011 1.039 1.115 1.012 0.9411 0.9146 0.9479 1.047 1.205 1.454 1.478 1.219 1.071 1.019 1.034 1.060
11.00 11.00 11.00 11.00 11.00 11.00 11.00 11.00 11.00 11.00 11.00 11.00 11.00 11.00 11.00 11.00 11.00 11.00 11.00 11.00 11.00 11.00 2.942 1.034 0.9312 1.103 0.9763 0.8775 0.8769 0.9625 1.409 2.417 2.719 1.942 1.699 1.873 1.490 0.9192 0.7605 0.7608 0.8214 0.9225 0.9879 0.9612 1.015 1.162 1.454 1.984 4.137 4.521 1.681 1.415 1.251 1.021 0.9140 0.9912 1.026 1.020 1.021 1.116 1.218 1.137 1.042 0.9567 0.9482 0.9887 1.050 1.079 1.030 0.9678 0.9314 0.9122 0.9213 0.9118 0.8881 0.9282
11.00 11.00 11.00 11.00 11.00 11.00 11.00 11.00 11.00 11.00 11.00 11.00 11.00 11.00 11.00 11.00 11.00 11.00 11.00 11.00 11.00 5.400 1.423 0.9355 1.020 0.9831 0.8697 0.8576 0.9042 1.176 1.944 1.914 1.499 1.455 1.901 2.220 1.234 0.8549 0.7761 0.8149 0.9253 1.045 1.076 1.165 1.190 1.241 1.643 2.220 5.385 3.885 1.875 1.562 1.142 1.009 1.047 1.017 0.9571 0.9973 1.113 1.227 1.379 1.378 1.162 1.118 1.160 1.224 1.116 0.9386 0.8608 0.8515 0.8659 0.8984 0.8893 0.8381 0.8055 0.8429
11.00 11.00 11.00 11.00 11.00 11.00 11.00 11.00 11.00 11.00 11.00 11.00 11.00 11.00 11.00 11.00 11.00 11.00 11.00 10.00 2.158 1.025 0.9961 1.031 0.8949 0.8520 0.8547 1.035 1.479 1.490 1.380 1.476 1.881 2.379 1.970 1.221 0.9428 0.8516 0.8634 0.9204 1.017 1.230 1.347 1.359 1.625 1.827 2.356 7.814 3.768 1.959 1.426 1.205 1.243 1.090 0.9360 0.9739 1.118 1.149 1.222 1.385 1.233 1.206 1.360 1.523 1.209 0.9476 0.8372 0.8157 0.8546 0.9473 0.9699 0.9236 0.8562 0.8257 0.7950 0.8191
11.00 11.00 11.00 11.00 11.00 11.00 11.00 11.00 11.00 11.00 11.00 11.00 11.00 11.00 11.00 11.00 11.00 11.00 3.679 1.169 1.033 1.109 0.9149 0.8334 0.8188 0.9312 1.145 1.253 1.365 1.456 1.767 2.383 2.967 2.535 1.551 1.048 0.8937 0.8467 0.9063 1.080 1.104 1.076 1.189 1.259 1.587 2.436 7.380 4.827 2.067 1.564 1.517 1.348 1.021 1.038 1.237 1.212 1.201 1.149 1.124 1.153 1.220 1.394 1.119 0.9560 0.9097 0.9091 0.9405 1.108 1.155 1.083 0.9735 0.8929 0.8249 0.8118 0.8311 0.9156
11.00 11.00 11.00 11.00 11.00 11.00 11.00 11.00 11.00 11.00 11.00 11.00 11.00 11.00 11.00 11.00 5.324 1.466 1.101 1.137 0.9134 0.8322 0.8341 0.8914 0.9992 1.084 1.131 1.164 1.487 2.362 3.803 4.945 2.870 1.595 1.076 0.9345 0.9424 0.9868 0.9296 0.8887 0.9355 0.9787 1.098 1.480 2.147 4.394 6.383 2.629 1.912 1.702 1.249 1.258 1.700 1.810 1.650 1.210 1.102 1.122 1.197 1.174 1.033 0.9903 1.105 1.172 1.102 1.390 1.422 1.247 1.137 1.060 0.9949 0.9772 0.9596 0.9696 1.023 1.100
11.00 11.00 11.00 11.00 11.00 11.00 11.00 11.00 11.00 11.00 11.00 11.00 11.00 11.00 7.803 1.889 1.164 1.098 0.9291 0.8820 0.9211 0.9279 0.9140 0.9189 0.9649 0.9976 1.148 1.881 3.094 4.681 6.441 2.357 1.456 1.142 1.101 0.9719 0.8533 0.8187 0.8582 0.9159 0.9952 1.119 1.444 1.891 2.692 6.344 3.577 2.122 1.620 1.655 2.082 2.470 2.116 1.492 1.168 1.182 1.403 1.216 1.105 1.174 1.590 1.555 1.224 1.455 1.536 1.566 1.541 1.453 1.344 1.237 1.198 1.152 1.142 1.142 1.388 1.799
11.00 11.00 11.00 11.00 11.00 11.00 11.00 11.00 11.00 11.00 11.00 11.00 10.00 2.647 1.143 0.9833 1.004 0.9969 1.016 0.9875 0.8927 0.8263 0.8583 0.9128 1.014 1.434 1.915 2.470 6.809 4.984 1.939 1.449 1.197 1.004 0.8787 0.8285 0.8352 0.8941 0.9686 1.024 1.155 1.523 1.842 2.573 5.753 3.234 2.122 1.913 2.066 2.421 2.394 1.849 1.429 1.379 1.534 1.457 1.460 1.683 2.090 1.774 1.440 1.537 1.724 1.903 2.062 2.059 1.885 1.871 1.839 1.635 1.539 1.552 1.708 2.008 2.184 1.641
11.00 11.00 11.00 11.00 11.00 11.00 11.00 11.00 11.00 11.00 11.00 4.051 1.155 0.9295 1.112 1.117 1.067 1.025 0.9062 0.8000 0.8036 0.8603 0.9620 1.167 1.422 1.527 1.957 4.786 4.712 1.809 1.257 1.115 0.9871 0.8865 0.8457 0.8599 0.8766 0.9202 1.066 1.508 1.942 2.288 3.336 6.185 4.569 2.727 2.377 2.562 2.680 2.330 1.802 1.582 1.604 1.715 2.021 2.437 2.709 2.144 1.714 1.854 2.192 2.323 2.509 2.914 2.874 2.835 3.433 3.351 2.999 3.019 2.988 2.524 2.260 1.848 1.848 2.299
11.00 11.00 11.00 11.00 11.00 11.00 11.00 11.00 6.331 1.461 0.9604 1.112 1.198 1.135 1.048 0.9050 0.8016 0.7751 0.8016 0.9008 1.071 1.158 1.158 1.211 1.616 3.303 3.073 1.792 1.524 1.143 0.9527 0.8935 0.8560 0.8200 0.8527 0.9936 1.405 1.962 2.336 2.519 3.328 7.784 7.567 4.245 3.876 3.232 2.675 2.286 1.994 1.858 1.999 2.533 3.623 4.876 3.716 2.353 2.322 2.972 2.922 2.746 2.930 3.543 3.749 5.691 10.00 10.00 10.00 7.501 3.781 2.305 1.856 1.922 2.406 3.378 4.953 6.753
11.00 11.00 11.00 11.00 11.00 11.00 10.00 2.139 1.065 1.068 1.233 1.164 1.022 0.8796 0.8073 0.7716 0.7716 0.8471 1.016 1.164 1.227 1.208 1.169 1.494 2.146 2.686 2.496 1.487 1.019 0.9515 0.9142 0.8458 0.8282 0.8999 1.106 1.621 1.911 2.041 2.337 2.962 3.398 3.586 4.657 5.187 5.244 4.616 3.653 2.920 2.697 3.157 5.536 11.00 11.00 5.260 3.500 5.023 4.417 3.585 2.972 3.491 5.920 10.00 10.00 10.00 9.700 5.192 3.248 2.502 2.336 2.686 3.782 5.417 5.998 9.203 11.00 5.811
11.00 11.00 11.00 11.00 11.00 4.522 1.525 1.100 1.166 1.139 1.001 0.8665 0.8295 0.8080 0.7990 0.8468 0.9796 1.187 1.483 1.442 1.164 1.160 1.450 2.101 3.928 2.225 1.201 1.063 1.019 0.8887 0.8299 0.8546 0.9829 1.196 1.419 1.620 1.935 2.257 2.138 2.026 2.040 2.132 2.623 4.184 -9999. 10.00 11.00 10.00 5.175 3.799 4.392 4.241 4.529 5.167 11.00 6.531 5.292 5.441 5.060 9.103 11.00 10.00 9.784 7.476 4.150 2.804 2.759 3.349 4.194 6.018 7.045 5.642 8.812 9.946 4.202 3.694
11.00 11.00 11.00 11.00 10.00 2.821 1.494 1.179 1.188 1.092 0.9188 0.8842 0.8835 0.8690 0.8989 0.9433 1.032 1.198 1.351 1.195 1.148 1.225 1.638 2.568 4.453 1.929 1.355 1.092 0.9211 0.8463 0.8587 0.9510 1.070 1.181 1.408 1.766 2.221 1.992 1.703 1.608 1.743 2.055 2.433 2.985 3.721 3.392 2.987 3.068 3.616 3.589 2.788 2.899 4.130 3.874 3.913 10.00 8.209 6.003 6.285 7.084 8.159 6.224 4.055 3.224 3.124 3.288 3.883 6.044 7.127 5.853 6.564 6.882 3.570 3.129 3.012 1.744
11.00 11.00 11.00 8.753 3.052 1.715 1.380 1.194 1.038 1.005 1.012 0.9481 0.9595 0.9667 0.9454 0.9842 1.052 1.127 1.158 1.193 1.395 1.680 2.948 5.945 1.868 1.204 0.9704 0.8703 0.8766 0.9784 1.149 1.365 1.463 1.770 2.068 1.824 1.617 1.644 1.856 2.238 2.494 2.579 2.949 3.639 5.102 5.495 4.349 3.907 3.382 3.161 3.235 2.890 3.010 5.520 11.00 10.00 10.00 11.00 10.00 6.883 4.800 3.742 3.070 2.569 2.472 2.862 3.107 3.165 3.417 4.696 4.216 2.582 3.158 2.065 1.452 1.439
1.253 1.062 1.167 1.344 1.180 0.9805 0.9413 0.9749 0.9511 0.9264 0.9294 1.001 1.087 1.141 1.196 1.343 1.632 3.534 5.726 1.761 1.101 0.9383 0.9429 1.080 1.356 1.527 1.785 2.012 2.084 1.979 1.840 1.971 1.945 2.051 2.310 2.227 2.244 3.344 10.00 7.225 3.571 2.877 3.532 5.730 3.443 2.568 2.670 3.820 4.744 3.168 2.520 2.415 2.550 2.667 2.481 2.255 2.214 2.127 1.994 2.006 2.004 1.967 2.124 2.874 4.807 2.756 2.410 2.748 1.800 1.386 1.454 1.606 1.610 1.520 1.416 1.249
1.394 1.026 0.9093 0.9071 0.9474 0.9589 0.9394 0.9601 1.021 1.099 1.174 1.199 1.218 1.549 3.005 5.636 1.629 1.097 1.036 1.084 1.200 1.615 2.274 2.649 3.009 3.246 2.443 2.547 2.203 1.838 1.949 1.814 1.732 1.899 3.189 11.00 3.521 2.458 2.888 7.072 4.067 2.350 2.242 2.724 2.278 1.819 1.791 1.861 1.749 1.634 1.590 1.653 1.872 2.191 2.343 2.245 1.982 1.781 1.735 2.053 3.516 3.772 2.219 2.184 2.511 1.704 1.389 1.431 1.442 1.469 1.510 1.656 1.613 1.258 1.214 1.110
0.9333 1.030 1.030 0.9787 0.9778 1.014 1.073 1.165 1.215 1.219 1.484 3.073 3.055 1.352 1.057 1.040 1.177 1.655 2.317 3.228 4.970 6.852 2.644 2.582 2.722 1.818 1.660 1.588 1.538 1.393 1.702 2.816 3.126 2.689 3.025 4.898 5.644 2.314 1.760 1.826 1.610 1.560 1.793 1.962 1.719 1.451 1.388 1.443 1.636 2.169 3.218 3.363 2.371 1.984 1.725 1.814 2.776 4.300 2.629 1.840 2.210 2.698 1.767 1.447 1.258 1.407 1.523 1.881 2.073 1.756 1.429 1.046 0.9329 0.9266 1.069 1.485
0.8992 1.057 1.114 1.002 0.9699 0.9735 0.9847 1.107 1.350 1.362 1.227 1.646 5.784 1.624 1.083 1.041 1.234 1.836 2.257 2.653 3.804 7.835 2.697 2.206 3.010 2.053 1.524 1.469 1.402 1.133 1.170 1.456 1.813 2.701 4.529 4.151 4.480 3.073 1.673 1.377 1.183 1.367 1.667 1.893 1.663 1.477 1.455 1.411 1.459 1.759 2.523 2.573 2.077 2.028 1.715 1.676 2.271 2.966 3.053 2.131 1.948 2.719 2.772 1.772 1.437 1.414 1.229 1.353 1.446 1.402 1.079 0.9070 0.8957 1.005 1.382 1.645
0.7950 0.9072 1.054 1.018 0.9875 0.9904 0.9645 1.041 1.226 1.439 1.384 1.401 3.153 2.441 1.144 1.030 1.240 1.888 2.150 2.249 2.792 5.527 3.656 1.991 2.213 2.344 1.638 1.436 1.209 1.067 1.056 1.130 1.232 1.548 2.317 4.637 3.308 3.044 1.991 1.220 1.084 1.213 1.516 1.748 1.605 1.693 1.657 1.483 1.494 1.492 1.446 1.399 1.474 1.686 1.520 1.463 1.701 1.991 2.525 3.045 2.295 2.181 2.272 2.254 1.898 1.632 1.149 0.9950 0.9748 0.9593 0.8772 0.8709 1.025 1.461 1.839 1.628
0.7479 0.7656 0.8940 0.9790 0.9705 0.9631 0.9330 0.9445 1.065 1.238 1.416 1.350 1.924 6.877 1.390 1.012 1.086 1.446 1.774 2.094 2.474 3.720 7.233 2.087 1.667 1.862 1.979 1.714 1.247 1.064 1.038 1.118 1.156 1.109 1.179 1.922 3.068 2.093 1.776 1.438 1.230 1.379 1.407 1.527 1.499 1.734 1.516 1.392 1.466 1.195 1.058 1.055 1.211 1.479 1.386 1.217 1.225 1.361 1.582 2.247 2.247 2.082 1.937 1.970 1.847 1.685 1.407 1.064 0.9677 0.9357 0.9153 1.062 1.594 1.975 1.758 1.494
0.8119 0.8379 0.9169 0.9344 0.9451 0.9343 0.8901 0.9051 1.010 1.158 1.194 1.465 5.636 2.254 1.211 1.131 1.385 1.745 2.199 2.343 2.853 7.980 2.670 1.632 1.448 1.814 2.854 1.976 1.222 1.017 1.033 1.129 1.120 1.035 1.170 1.759 1.714 1.510 1.461 1.585 1.536 1.391 1.421 1.445 1.615 1.349 1.200 1.160 1.035 1.002 1.054 1.188 1.350 1.239 1.164 1.090 1.009 1.021 1.258 1.372 1.149 1.168 1.460 1.547 1.453 1.656 1.548 1.192 1.132 1.347 1.959 2.561 2.067 1.663 1.493 1.494
